1220.3289049974805
1175.033305147203
1286.2610932339685
1231.8915540705054
1196.0569811075954
1316.5682634358275
1197.6238910925526
1314.1917077290675
1169.2852866131573
1222.2681433667108
1136.8983604692473
1264.9229523260906
1312.4264572334164
1275.0878419244923
1270.9484177014424
1268.6462252824447
1208.6253596565248
1285.7306855397528
1226.497574181818
1281.4083084392332
1211.535244083474
1269.4545578680213
1234.2191889736246
1163.170511297735
1141.4207425797401
1213.425007333716
1196.9638870781275
1149.2800371954154
1233.3406106584714
1252.7279408780164
1178.5263180347108
1264.2411617533103
1214.0780630618299
1263.3549609868046
1245.5926335142701
1325.1613813563977
1285.9439018494118
1226.9306330401187
1186.0487258780224
1274.6100608298261
1280.1263887495973
1252.8340886059113
1163.0887546974623
1280.489478821749
1166.5369370753756
1341.6082096565992
1317.5625824352708
1179.61825886096
1285.6273480364039
1222.7632528566014
1181.0367384265448
1226.9730478465601
1279.2128744432807
1274.0135271077213
1215.6560038616085
1287.6918794664894
1301.0492670313024
1343.845756506149
1270.95034806208
1214.5615364693206
1162.1952731905378
1250.740512295225
1139.229891728262
1262.0105956363047
1142.1812758530707
1100.7233568997442
1286.4932366869127
1094.2436589667632
1155.231481043462
1278.367232153463
1138.9035931305068
1153.903482401074
1168.9308278443734
1227.2015185827377
1216.9522922602255
1143.4921899728356
1343.906263117384
1284.8777530407838
1228.626063103134
1246.5583637210239
1265.8369171602103
1167.2072146709913
1218.1139167697638
1137.2094654471744
1144.5568782202615
1278.3465956957107
1266.6606401465788
1089.0015306438102
1205.5521533441226
1260.0138208853407
1276.2353592692846
1238.813785985989
1249.2651683207662
1290.8881819973687
1117.9497755126195
1223.3582095564316
1133.470478693278
1294.8006332120012
1231.3906915341042
1268.737444261852
