1272.0640534540794
1186.6342445009923
1254.171803301532
1275.8893358236369
1198.055630287782
1274.4417206316227
1279.3744350985075
1175.991943206594
1292.649043196866
1187.789444568619
1276.692843500816
1184.602641551268
1286.1834805788242
1279.3261667652973
1198.2858904429984
1303.8049724697648
1250.5718089959216
1237.9382204013118
1238.0917225220917
1277.4242633165566
1196.244223809915
1147.9269361317024
1227.3376162041038
1219.0977660976985
1250.9591286236769
1169.7917567827024
1304.9692960004384
1124.1224060706056
1208.4556781083363
1242.128385197676
1268.6075984575007
1181.419832850106
1284.5624549290285
1269.0772231269584
1167.3792149946626
1196.604076468299
1371.758937646909
1358.6487362004677
1155.4340998440696
1198.6918093211993
1262.6227394562854
1372.7943741722645
1301.290556343815
1221.3935316040363
1190.3844070372857
1202.495587175503
1230.9791476899957
1287.6971473348863
1106.036927648934
1249.6735274628943
1239.2489536728012
1203.150780686017
1258.338804393719
1238.9389931235494
1263.0318524626593
1128.5414726228198
1187.7188000124172
1120.545083217262
1251.9226106382996
1244.173545846529
1098.8333706196242
1254.981560895982
1280.861670858565
1279.0680284072237
1229.407737981897
1243.6967319241542
1190.1460071659026
1235.5002918187179
1258.0023337558823
1283.7871607740594
1317.4177755606445
1279.2190670394239
1173.2838749693747
1370.6183063343392
1253.224063622127
1279.9928695973879
1210.4159067312648
1259.8261864442627
1210.1096900453165
1319.3533277272145
1278.869021955768
1227.0576441656196
1237.5744276264027
1246.7635150542167
1192.4147921543347
1180.9082859023838
1140.370484449841
1270.274013462736
1324.7312945062363
1246.2217843897913
1272.8949575624529
1211.1296133804378
1260.8202608350446
1272.8078012702633
1229.0286743341123
1158.606316825195
1245.7295414357475
1229.1142541516513
1337.5224259036186
1176.3592032196916
