1080.7809610369115
1286.9676843222558
1366.3492963440808
1271.6233505608614
1335.7488257263396
1155.9513588415182
1176.1967124768257
1147.9700075199078
1189.8698608855025
1306.4292486644206
1188.2925764420436
1169.777002098577
1173.9386961832222
1321.8070755568394
1180.2084324165944
1338.5440436997635
1247.398597909216
1183.3818279268448
1261.001793527447
1169.9395235833467
1360.1456750978125
1354.7856052444513
1190.9896149448107
1131.8494428910417
1174.1496128923652
1303.5034191602945
1318.616724896982
1229.9392870898955
1151.5704051991956
1338.6487249866668
1217.2418853599931
1175.3906341166778
1193.6527900929652
1266.129146876921
1196.077699526037
1312.4850540280227
1211.6520019456766
1256.068749873
1352.2882015059079
1265.2011606188903
1383.945518969183
1306.1144789931307
1287.4594022294307
1204.2589398684613
1355.2031636825895
1170.6837201185162
1334.1086422611902
1172.085071188769
1156.4660094351902
1234.910712429145
1268.376208337494
1276.8494730231116
1213.1116797570874
1251.1885317094668
1236.802330251075
1158.3658024026845
1324.1643925462167
1248.7261451084603
1249.265613063981
1289.3087960270689
1327.4859218300028
1237.5763592675596
1287.2698036281074
1257.042685617908
1265.9875761800627
1202.3257789308723
1192.9117695665855
1219.4990055063215
1194.7957573425588
1247.8153864711946
1248.59190366882
1163.4939145562828
1215.2763303206214
1287.3393405111851
1203.2319037949285
1276.4913941011432
1278.890770397156
1286.1540185773608
1269.5587650977577
1346.5253870463287
1254.3002457563318
1276.3914030693604
1148.1006322035812
1224.1103386451118
1206.0073729282535
1185.0897682227533
1180.7459261665988
1235.5900886135066
1228.8194004667291
1379.4806358357512
1282.6108549695462
1273.3310097380825
1270.5929958916824
1177.5025703770896
1343.824951056542
1348.093630448485
1336.318062851134
1104.9915908525086
1238.6265482282965
1249.1493742252078
