1146.7642179161164
1297.67520596768
1231.2163720257186
1282.0315936008296
1223.7562802860602
1259.3826414803964
1330.0536637719113
1292.1218945122646
1205.2923134428231
1313.2248925760118
1291.831997497289
1104.2031062775468
1241.6877088156607
1187.2730941965808
1221.6426034779663
1177.9325804784532
1270.0900804757828
1260.070032916803
1224.7104553689214
1236.8422327688827
1271.193700032884
1115.595133042848
1208.3559400809904
1400.047575815113
1128.429576436912
1240.524902842295
1300.8987779412748
1263.012213684814
1231.3753663959603
1262.4086160529216
1289.6652192100757
1320.7551642447668
1168.5602499660909
1281.4081070598336
1258.592634937846
1258.1962126640572
1289.683777808239
1252.4107949094512
1303.7694334221496
1315.8123832639337
1324.4032584964966
1247.591400807594
1248.579722730534
1215.6308335886754
1172.9045311666262
1247.8239292974263
1307.3132752226693
1297.3777359871553
1257.51723038981
1320.7244716125774
1174.46190827395
1249.7259600372304
1269.2141627339515
1303.5041542229517
1315.3409575638702
1200.981518786185
1283.4551772440402
1203.5638014449266
1184.6402346177392
1293.2024713154367
1260.0831468304773
1158.3819232712528
1344.1027748451418
1266.8313744779507
1171.1862257874186
1260.9229027225579
1279.0477283247158
1281.358523468943
1162.016318076872
1370.219055774057
1149.0294793052904
1231.7899806489495
1241.3858808454697
1173.280793015106
1257.5982778129446
1271.4153125946714
1247.0468094497967
1307.0821509559485
1225.4122009315377
1262.6343414264072
1214.9269371192968
1294.8478859123622
1209.3948229980529
1280.4719246469294
1287.7522808717388
1147.9248671284927
1296.0784723971317
1259.5064994420543
1154.0124162599784
1264.6182306528326
1246.684553814077
1212.4447055542616
1230.6271944000243
1184.1155900510266
1309.5274196992093
1383.4115007860316
1292.4408240041048
1237.862727839704
1187.5555684054254
1224.317863764337
