1239.6680302469442
1335.4715779315193
1149.6084417707136
1168.2053299535899
1201.9557157556205
1232.4390919594416
1196.850132930654
1133.8748808877747
1212.9205435996244
1327.1107492182978
1284.0982384167746
1192.2295729175428
1245.158285620095
1283.0272480659908
1231.431489275678
1237.9750366294804
1218.9293624763925
1234.7677342819848
1303.9868209145889
1295.7734844844952
1276.8740363103093
1265.8911851307596
1278.8629291527086
1291.8604947707872
1289.329895917613
1269.3834081489929
1123.2847558689493
1401.15583854092
1149.3933641836084
1257.6961945295047
1177.2083072036278
1367.123925991168
1235.084565078444
1213.124657720237
1280.2649388329683
1273.225913786722
1244.4504181520429
1302.7048231721728
1235.2565154716426
1229.9123641712117
1157.732454126418
1283.3512595134064
1138.561109422607
1266.0930511203462
1317.0544569288834
1159.5319082102117
1253.7651869777787
1140.2167140060963
1255.0648613024323
1298.5445138449159
1290.814940161454
1342.85597063634
1226.0747167547677
1281.0995556845826
1219.7146249830296
1244.188679575503
1274.2046391520182
1225.996765796189
1198.5750316248905
1229.351684339418
1187.3799349156384
1196.46768587914
1352.728046104639
1225.3973881840882
1218.3843478541924
1189.432890743789
1074.3079787781805
1156.5711848493656
1356.9842515920345
1271.1038390530746
1264.2357262377284
1227.1020233310644
1259.783061353323
1172.3226111658687
1195.8557987659965
1238.7301584360378
1240.698593248007
1206.7601640255566
1293.0531300517991
1237.2747626974146
1260.238411770838
1211.6268449312402
1364.6701512124032
1258.0093878326456
1161.0695791993567
1242.8832213981186
1142.0063773676618
1124.7815970724105
1291.903012171228
1239.5594415761134
1277.2300809783926
1263.5453430031039
1389.3403064629724
1114.5284810111084
1192.502928290989
1242.5317783577868
1252.9997530403427
1183.2070857144236
1220.6433807889948
1148.6428908002795
