1120.0612622303402
1205.1028258740541
1259.0311055090824
1348.8614342222677
1215.42797340055
1245.8677357858683
1316.2545628852718
1256.2704190843128
1224.3749286993555
1268.745484352375
1158.721620521062
1257.353763091983
1178.2162563009194
1225.9694358206445
1202.317354361277
1323.317273491051
1278.5082041601654
1313.0193894567713
1257.3148898692925
1205.8519731228344
1204.781915135239
1228.6650131083743
1325.0468517616073
1293.577038524625
1349.083466484324
1285.3076551046702
1341.592149823391
1223.7801924782912
1149.9916816871591
1222.0050319776483
1208.3953449862445
1146.7509084934559
1242.6063182320659
1162.3881947432676
1119.6297867099775
1176.4853701527743
1173.1105280616941
1218.4420479482671
1116.366064823604
1203.7727346215977
1160.279227510472
1311.6369828364925
1299.7007058881622
1108.2241755740247
1244.0212105623007
1260.8219297245691
1194.7480791783194
1211.9512056841247
1276.8576453261705
1222.8414354247761
1236.2054800031412
1158.0088621211726
1328.0419899138801
1314.8756383583918
1287.8382240849205
1253.3231649279794
1250.4130428554818
1208.8505000866026
1251.1817128583675
1208.2561903241647
1148.9532808584097
1345.8879468566613
1281.0310355997603
1265.9464992877524
1168.9484138210044
1338.7527267914957
1215.1912708317052
1156.2057310143355
1210.9110295803323
1174.0776941747413
1297.4512059897359
1298.4723722070553
1223.5949991600198
1211.4942517378367
1234.3375968676391
1291.7287508008308
1385.0924876704485
1196.9921880544205
1208.1783307942867
1103.2298364839426
1240.3585194603431
1245.4889742542032
1364.2989062813756
1203.7313064157127
1225.5250411838035
1194.9143977827105
1234.5642751306757
1334.3900636804685
1292.8368601591362
1268.8521181999208
1191.90071993672
1322.07263785633
1213.4493774600812
1286.8730674829387
1305.1387635111407
1327.2338248284734
1216.2898185034935
1236.749940645842
1265.6058425110396
1246.5409846802734
