1340.1004107943043
1269.9548605258758
1236.0964957572578
1171.8233129479358
1183.2947497999971
1253.5932895738833
1238.833357923528
1136.019874598216
1312.633121930508
1345.9008604928515
1193.697455218054
1237.008136026808
1328.182447271123
1318.7006685123972
1239.8605682262578
1246.5282003747732
1275.2463721276463
1255.9245030327127
1051.5363482171879
1196.9586676324932
1261.7591102160725
1284.8672443341352
1293.3348718443879
1269.0308647064487
1324.2184988418858
1366.4869193626207
1190.5894565492963
1240.3822121026571
1146.4535724637326
1308.8721548663327
1362.3131682478959
1164.431839205524
1230.2782268838941
1212.5614153109104
1127.0950363470108
1259.2000397813383
1259.0570334094077
1257.7156792033527
1266.3051040448847
1188.4767259715254
1178.2717003129385
1241.2063985897935
1157.6560640955747
1297.8784425476947
1282.999425934026
1210.6260585752166
1205.0109325611647
1248.9879413705169
1308.2123738008752
1270.1401994679538
1084.0508653984818
1292.981120057002
1228.7717501878572
1159.7041522800027
1243.4773174982392
1268.2696571234126
1267.8482865258761
1207.593756233572
1231.8615005856816
1117.7308044590627
1175.4461789191837
1219.8357969522444
1258.426187661146
1306.5284359606721
1268.1434337624894
1166.7858865038488
1235.763668354951
1215.9976788422641
1303.0907874024576
1250.3175033122607
1158.0421327019403
1283.5405454693816
1276.5560545771432
1185.971561081689
1221.8796238874695
1150.4914502125725
1164.167880289354
1206.5181936741292
1176.4327014828395
1249.6877589146584
1120.9199079416567
1413.8639476769813
1286.4365624534141
1226.2160588520826
1197.230501209418
1340.430774613811
1347.3941474983685
1142.5974819975745
1203.0708986218274
1175.9383827956506
1272.8325686739256
1168.4683863475186
1330.9223808719871
1272.3048274814696
1222.6666046592516
1187.0527677683817
1193.4285741299911
1232.2638670571062
1188.822050827327
1339.666839123003
