1332.5409048359797
1209.7146356059154
1162.1416175334093
1340.5716521118713
1262.376186460482
1270.831144635305
1150.0914089006108
1230.8623091516556
1127.415078346404
1312.622754341104
1342.5926006344655
1306.999271333376
1199.200657707734
1270.5675418899516
1274.7332234116948
1324.06406614148
1201.2064533461432
1270.0934173405171
1271.2571747161955
1282.4307099867415
1219.1277164284375
1263.7070256265401
1236.366008840622
1217.566196320713
1166.5934099195135
1156.8874888805635
1204.5499869708003
1297.154990629204
1220.4476703238624
1291.465776685237
1220.4950441398298
1198.644070106152
1204.6745958933416
1170.7949672938603
1281.840043896237
1236.0314886729293
1302.961055189843
1173.5185692004989
1255.5641422859871
1165.2410802616546
1232.8846079417033
1158.676259586722
1236.987585455425
1243.5438168374933
1275.477107384366
1270.089384996461
1303.4896422799873
1222.775641431537
1184.1400933055534
1267.6255877569395
1272.205169068063
1290.1858271231988
1260.4573028627703
1333.0572215913749
1261.1468103645184
1364.2304450967697
1314.172588373103
1259.3460385111493
1159.9142440470293
1292.9959276861607
1317.0147911374727
1113.1748261780824
1330.8640034037498
1357.0744951337933
1236.5672064865603
1245.2395562734991
1159.7174884761143
1287.5107788947125
1291.983598560862
1201.047167427256
1236.863343407471
1292.8155713311394
1227.4135798566497
1237.0086161548963
1162.680119380988
1176.8065496825575
1243.3999103322037
1225.9330212005718
1402.8555774975098
1353.5642896510722
1144.3600895233758
1277.9548931925651
1186.153541617267
1214.7423259947245
1210.1156301116457
1310.8696030626666
1180.9354438150192
1142.388575687236
1257.561805114945
1259.7455867527733
1235.112437147974
1281.1942551684115
1270.6192259984848
1332.9754711857893
1383.440584050173
1269.9232904386115
1267.5724789604665
1278.698924220954
1222.2868903165506
1219.2778891536218
