1276.9626494704107
1250.541241255289
1156.3875687764157
1184.7066420115802
1324.1183347202416
1221.202252282993
1120.1782254975783
1198.7778215768626
1189.924644240417
1299.8581103958604
1188.318205583663
1067.5384159647956
1294.5759817491396
1246.216685468505
1322.447464951363
1240.2964547177803
1266.240502392007
1225.5148525814086
1316.5354294055535
1276.9013311159
1152.8485529478137
1170.4209295502071
1261.5705142531028
1185.8230496458282
1311.1109768824226
1244.263266266812
1207.480842946687
1218.427478137497
1245.245591646331
1257.6319128330329
1240.1071463034507
1208.4710455603288
1148.5390168886672
1319.474059614676
1142.488671518196
1233.2397279852253
1235.254779853238
1272.503279495648
1135.3353585802065
1229.2667549333194
1290.8801644005398
1263.1450870996819
1267.9415528743343
1157.705667295303
1331.574186331726
1321.1975976788024
1178.0504560282784
1214.437512813661
1344.184399942996
1283.9742728067376
1199.0418461845281
1226.1038955994336
1237.948128888458
1256.1793166876255
1241.6569089400234
1335.7087754222275
1241.489006014586
1264.3655569545201
1194.6845114922173
1328.2945680356713
1174.6190847325809
1263.6374949889125
1198.8339402340464
1316.574679495465
1186.5822700746323
1370.117896687913
1213.469783961366
1215.6126066107258
1246.5340919842279
1279.3122460118989
1281.7557653620026
1233.6070603132341
1078.1234460996484
1338.6493871830628
1134.2160013218286
1292.0570770489728
1284.7999979698056
1172.9177191039782
1350.001906575392
1290.613348139062
1240.8739166488713
1213.673789626972
1214.7626598462439
1150.943537894963
1318.9063007316097
1169.6370522731745
1297.9384614295036
1124.4430209909483
1130.1376884688955
1219.8339647407727
1319.5822168504437
1227.3613227345795
1300.3190480609817
1225.0300639561788
1254.419756148566
1195.1748705527875
1252.8143212721357
1271.1529797736594
1329.5067235903414
1218.0153380445372
