1340.456404262424
1385.7395588006718
1170.8970186224003
1346.2731013698708
1262.9398019319535
1311.7708523140263
1268.7816933134498
1357.672199773511
1262.399751090955
1297.0284796616781
1304.1218575530545
1394.8212367808833
1339.3967529841666
1260.0947642443502
1300.055562411027
1409.5956701860546
1317.4832670146088
1231.9553765080718
1256.175750491222
1367.7803606556538
1221.587010709434
1356.7702749142973
1305.1208031727656
1368.7235032932117
1391.494310725954
1309.584965754726
1349.0845115519237
1384.5737759443311
1216.3098790904828
1298.0796236897238
1295.8349716420826
1114.9470926124059
1336.3646705523026
1288.2592667025497
1306.7190280048899
1366.609057355309
1279.3543202785345
1243.4748468123832
1351.5433779823425
1264.3871621124108
1251.2458427815914
1284.4560926438037
1250.4400391769664
1393.9397858131426
1399.7255163160185
1274.9113004730063
1365.2495508400398
1351.8216676731502
1343.7844570415502
1318.9442918356206
1400.8786588420219
1383.7576489254031
1335.3252822068316
1329.0790604156584
1318.264213518223
1272.727925965364
1202.8790707837381
1317.215075691411
1384.0966761277602
1303.5400051103743
1243.4336259923816
1346.357203961661
1346.68881701819
1405.6502295715507
1319.5982213048483
1312.4389675480163
1216.3869899598146
1366.1844726616391
1430.1274434663628
1370.2554337138397
1300.8895540340898
1356.10865010806
1292.0167344574472
1362.4143348568084
1399.8618732014293
1316.950972580647
1400.2725579769367
1346.3483656923956
1283.4061573378196
1387.9830820740738
1349.3319830989205
1257.7108280126834
1133.422247824035
1336.648127311489
1282.7104691268264
1305.688275671737
1233.9025834763754
1333.446430961812
1385.1158179096328
1324.526037231613
1395.1753303308628
1265.7940277165321
1309.7604657846098
1360.388138513808
1294.3444314094534
1310.7613048072026
1267.63606787971
1329.4793646239689
1279.3128949062905
1330.1987849735676
