1307.4740089820846
1325.1789976210348
1313.7383543246792
1267.8487626359768
1259.6601629806232
1244.9707048301334
1230.0949599268104
1276.255916139151
1307.0902715867646
1241.2200766317894
1272.6431252843142
1256.4232431677053
1335.328782578629
1389.6674026688586
1333.5523925256282
1356.3768320154072
1365.6232672057163
1166.3714658632018
1306.8133116388738
1380.8327384270076
1329.8999251479818
1383.4140889704015
1313.8500968168455
1276.9534267941392
1318.1467016103618
1288.7299085835796
1348.5222685932245
1387.6386345761914
1229.7775641853761
1332.9761457774998
1314.7485757172274
1258.0841138205305
1332.4811714709515
1323.7551515153457
1202.0227416238254
1349.7149703590644
1182.5622783043489
1281.556308326549
1243.082165548411
1284.2208887611807
1269.9420939542567
1325.398983688048
1293.867824184784
1287.4321578688496
1260.2680361279145
1218.3781151228745
1250.7446993642893
1389.6721507763184
1300.6898217650205
1341.6716279770387
1298.859329638978
1325.8292976309622
1327.8098405091894
1241.4256066559867
1294.1239399503575
1348.7142088212709
1367.8420580764612
1325.7075493419038
1264.3861963395163
1326.2031059995645
1285.0116639419819
1273.6105313486273
1273.6681115791703
1190.9105360271017
1295.99476232069
1270.1431494002957
1262.1876277997164
1293.7555325885355
1241.4825560755974
1330.3402120352332
1325.528093141501
1271.2135243670073
1307.8857109005353
1261.0301195984798
1373.0196302679187
1315.900473089199
1281.7499846882552
1362.5809037494996
1265.9458736836161
1338.2716296766168
1149.2788679455646
1271.9307490357855
1340.4545740506874
1332.6023686757396
1323.51021181698
1268.9035830589607
1315.415451267331
1256.1473935348563
1247.2651623937936
1165.3863782741576
1328.716848133789
1340.3385338062187
1299.5039004155265
1365.8073858204116
1317.3773292850449
1330.1872037095275
1284.6725526387625
1337.374122291516
1377.7751210121169
1271.4692213489807
