1376.9644554577735
1298.2258475912495
1297.34560496694
1327.1242888738482
1343.1380411685852
1277.6906929530996
1337.8997853273822
1315.816353390992
1370.6565744341376
1417.5651449025304
1217.622465389684
1294.9075006485673
1306.6464204774888
1365.9094973140056
1347.9576300773833
1362.9723692969376
1305.7125488149186
1352.2662939029224
1374.4647729293326
1222.6071202994656
1288.6290733931787
1288.3472667250683
1389.6213949632004
1211.5426476001126
1260.1005221441496
1321.3931909110709
1348.5768956698416
1376.494094937803
1366.5694405520956
1255.3998268084695
1321.522777551345
1370.1775086957387
1325.5012143623699
1374.894407943886
1328.9473723028982
1358.3086650930024
1317.660589264748
1359.1322542595717
1400.262497091334
1311.2117956768086
1294.1620309250172
1338.6624756384695
1304.2162148571074
1215.0246549712206
1362.9947276175817
1408.6492277165864
1251.0206999709815
1316.6454540158566
1272.9034019521052
1397.947346176624
1310.5954641632202
1304.2421284690129
1242.0482565459697
1318.9991730205682
1314.4176503734386
1335.0846614741185
1345.8097742433351
1221.387365803374
1259.3979555221033
1141.8435104737132
1377.6768371803137
1352.9489065817527
1401.0482209635377
1280.148733918887
1378.418269298959
1439.7170445843406
1316.1927185565985
1223.3402700253869
1281.0730821758748
1365.8935874920155
1226.0462881467417
1321.7538046306086
1383.303741462398
1324.2717337764836
1372.4003111580832
1330.2111221168147
1299.5176064198267
1294.0513584548678
1281.9928207161538
1305.7820026454028
1228.9875665450004
1396.3206057146544
1336.5795655946301
1352.866270433814
1257.0374868517692
1314.6577768702202
1256.2532239406503
1347.5774786420313
1271.5493399555687
1408.528711142284
1341.797300789184
1305.083689382859
1319.46550002159
1291.3156733166668
1274.749288204518
1357.6387901881983
1361.3976975667788
1290.2131649943055
1165.971250916833
1325.3353853585193
