1373.3976159036029
1351.1127404867757
1351.7918536024063
1370.832301065914
1125.456853184909
1219.69928534578
1351.3553551507418
1281.8357185961215
1335.9837808885184
1350.5800552165108
1383.3316967069698
1315.736522660269
1326.7481913607
1281.0803638985371
1339.2516852838162
1330.6854270170002
1321.2439752721023
1336.0129331715646
1301.061588187053
1325.6567010750384
1380.1747626740566
1312.7965068855458
1298.130200985767
1390.7338635311344
1244.9646506789938
1254.1083114384624
1206.947867675828
1322.6761509278554
1297.4380993258476
1255.4025726052257
1348.732958550902
1323.560697888905
1374.0954626605112
1394.5174899600831
1351.7839666964505
1294.231956968671
1302.4869214577914
1341.5084323656713
1217.405895282577
1389.1954761963034
1252.578311884903
1261.2579402515262
1365.0596190713802
1237.6737172653798
1273.413653841808
1407.4108603455218
1367.3129198877568
1407.9229503758265
1339.1838585479636
1333.8261013168906
1331.4750410555753
1285.9806531377742
1356.472202679795
1328.1882954426856
1325.1961317188259
1360.6969110033124
1293.1273477152063
1317.7291924360939
1280.5389132894609
1389.0740511739793
1370.3972933526347
1290.3233195190398
1319.3883463925513
1391.1775509298045
1238.0523178987332
1332.0337754119328
1259.7356437407682
1375.5644438981903
1275.481844214267
1364.9759698968796
1328.5001808779953
1227.8819930562522
1207.2030147551116
1286.5556962384485
1341.5998331010398
1248.0324973159452
1215.3022265451125
1323.4354314615973
1222.5081468848143
1311.9979982488792
1344.3671818464609
1334.8732432021525
1377.3538096200334
1306.6742347601707
1364.5078146806563
1339.3187967705942
1350.7809772989222
1296.560014289108
1289.1475293202764
1201.609189910677
1322.6388298519864
1307.9026539881418
1292.3429147264012
1354.4289167802071
1326.4122312399454
1230.9787892580716
1261.3280585619805
1254.1488489911355
1380.431334361159
1349.4689511518934
