1351.8651738865992
1337.9493580156336
1383.528116191315
1454.819382370824
1337.1787793932983
1309.4798721567838
1345.4727148200272
1271.6507232207139
1321.3477449693867
1373.8114775066701
1378.022419012802
1382.9850702109943
1354.0912965611342
1256.1344120557296
1288.9181730347314
1371.3725168865785
1280.1595980258219
1316.8578465093246
1255.5621087563165
1317.336518412202
1325.2095845401998
1277.4826860775358
1302.2341939460891
1243.5747782299761
1290.6860490124989
1356.3342047147685
1256.258779077103
1277.276747446103
1277.3874720941126
1287.6701683594156
1386.5981826823506
1287.2586353844724
1333.7930579225983
1315.7052227088752
1176.0506955185172
1388.652011949103
1155.6173153716666
1302.3952325803427
1320.6749284725852
1263.786075369585
1293.2042433871552
1271.201660153663
1332.8815344232141
1356.62444484331
1391.089548986762
1365.1846694802537
1338.5375399528295
1301.7293337914032
1297.7432734064969
1327.373792157497
1325.05282044111
1326.4243629163607
1382.4169093403225
1258.6381606143866
1256.942952057747
1274.2930699750284
1289.0509831053278
1356.745792838141
1321.6165995081815
1287.4126785776862
1268.6762437681768
1297.186622096193
1241.7803566403577
1361.9864783193484
1376.782325737452
1272.5451593515943
1318.6904107762616
1397.4079943303498
1313.2797063700534
1248.2296710989308
1243.159255419361
1320.6782045695998
1378.7362204686958
1314.3074844583384
1299.4247425069568
1296.3838108308053
1267.8022780726135
1264.9085661253098
1404.2994768532449
1322.5701885766875
1273.8618858320558
1275.1684499776893
1287.5195935535571
1270.7077210509785
1254.7057061464502
1346.6231717414482
1278.0823465056064
1358.5976116052577
1367.3159220149225
1321.689105571926
1360.5454859194238
1244.3401417815514
1227.1583269728312
1313.0834926358448
1316.5611722366114
1306.6319370320457
1379.1404945255692
1338.7986512388895
1320.6220234409216
1365.1789519150416
