1381.08027866997
1320.7354420750378
1252.2708366028558
1287.5570895631931
1210.6892432702975
1368.2257994560673
1343.1996477798903
1362.9103161993341
1287.8068325829336
1289.3377577911192
1304.7941503418767
1195.5896344926437
1361.1860145218695
1343.3860427975546
1327.1827009526812
1196.0458884290326
1372.9106019582164
1205.126446816393
1308.1625141821942
1381.486039674057
1356.0866175741708
1304.1255899268851
1346.6911064310218
1396.9925320032382
1247.4529252241855
1358.9883649221451
1285.5419841905416
1362.9184850926465
1271.5016232848802
1181.10074876136
1278.5851160839152
1316.43937434781
1208.8192661946139
1171.7004514605549
1359.6750725787786
1243.3542826068679
1364.8954194015505
1300.0781745103332
1277.5221958539564
1338.9355851361277
1261.1677697445352
1366.273468266942
1326.8619050545399
1333.6534681246526
1322.8800542443191
1310.5859137359316
1280.7692290849143
1313.4708818826523
1257.0341238757637
1349.6208130691693
1346.9086424980396
1273.9567067909961
1361.970270762401
1250.9549092923746
1368.594586894089
1347.9492136969684
1249.9526811531737
1259.548957130554
1257.500464744371
1311.325494187368
1285.96649784512
1319.4185254894837
1292.4377485242403
1318.8332864360805
1227.06417363237
1350.4154255233575
1175.1493083743258
1279.1243926438638
1282.3673461072344
1367.804646020777
1358.1553568347326
1268.1735572103687
1356.556738386409
1309.340568850217
1372.2858486406035
1329.8311953061293
1312.1282369778992
1368.223822157949
1428.4198234050712
1328.4175192899086
1222.767075458144
1263.2758732599648
1235.0315271365203
1366.3742930330654
1217.0231809310692
1321.450379337463
1215.8961643179275
1381.8727424322756
1308.4510715035447
1368.2038430367772
1288.6145986421006
1342.1408584037258
1330.5425023417977
1202.1454417189839
1254.3361194030326
1388.3142222340807
1159.3089999610097
1251.4575340016077
1354.9936471797369
1279.6178107447668
