1323.534584623622
1323.6363732608356
1255.5419381243848
1331.357421691788
1320.6347101678875
1338.8857368211195
1252.9830451436235
1291.4460180574576
1318.3427470504964
1346.2650561306325
1254.8468281734122
1364.0608758150054
1389.1272329273625
1366.8436762063484
1179.796444992679
1229.61599789922
1253.7848185729633
1332.180016284156
1312.6925945089843
1290.5500824182477
1303.9581502933638
1388.3454844792439
1307.5771976942324
1403.1966480916567
1292.1584171873378
1315.1528293593026
1322.8000998268672
1320.9783704658232
1208.478982023803
1272.9239260427025
1326.6167973811519
1368.8909163174349
1343.835389323835
1276.179336021113
1350.9310733155255
1368.0630709398602
1377.7418958595752
1294.7237855155263
1271.6904572731196
1249.2577574881184
1306.7259089312336
1387.166116092323
1283.6360671896912
1101.0657655351054
1325.4427314121933
1310.9182386048549
1320.717788128778
1305.4174627578443
1339.9160391116457
1191.7615871019962
1366.2216383637929
1321.7094736567615
1376.0960084509388
1292.362639782116
1339.5628750765757
1332.7527417468216
1361.8262007573599
1252.3862634467569
1351.8747684599848
1335.1431263095533
1418.3384185152759
1283.7384088244967
1301.8619058494392
1386.794196693459
1286.4193342515402
1336.6976434734877
1259.2794192569206
1295.291128053889
1275.9182343295665
1286.9777415872834
1329.3405553501534
1311.5160607071869
1276.0095372577937
1255.3355254720539
1359.2522716141411
1442.1415167442356
1200.5712829423303
1373.1712147303467
1263.0454176278895
1331.8694717495653
1321.0209568889895
1239.2729318908112
1292.4613640029174
1344.6830825711015
1282.4414221764337
1286.4814329562134
1321.816203937457
1312.8277478489658
1369.4461212481974
1445.7315705766441
1282.5150860309502
1272.334923912051
1250.5415987708286
1329.0414705261267
1319.9401058859225
1244.678992920146
1245.6674421261039
1241.5139174083322
1285.3067172291485
1375.8731623952951
