1291.1568694293271
1283.8837626950599
1308.0577867890097
1381.53276479572
1323.6619356452375
1261.5598211424565
1228.4435134113837
1358.480526761975
1287.8271038435485
1365.320802184809
1391.6396288747371
1340.6649074586728
1296.043369454694
1243.0906103578375
1294.877890433628
1269.6636103504984
1333.92045146075
1356.619729324823
1279.104266239383
1390.5841640280391
1164.2874443465976
1363.9976633721315
1407.7265055180778
1283.2130014375791
1333.2146388571364
1295.0791971396743
1346.3596417568353
1179.9573354233073
1278.155603361121
1163.9817598462096
1280.0432898928668
1183.0404798797174
1310.7254291610257
1345.4771410886058
1376.0835772789774
1368.4350698675298
1256.692568837178
1215.6999003386463
1246.4048370670573
1344.3061634523824
1387.952355916528
1365.2657328807875
1355.3047030179503
1291.8826797509787
1335.4068196445555
1259.1974478952645
1288.6663939741782
1255.180350114663
1276.5648460325501
1417.8501618427465
1283.8670767936142
1292.9432321519114
1325.9753730092111
1269.3577326999239
1333.5002701392755
1245.5569698941085
1262.040845165632
1269.4645772190115
1328.7539448969148
1271.6823693406363
1374.2793865644594
1353.7867917012
1354.7564544713161
1292.6605201298628
1369.7555561096178
1260.1879451178281
1236.2683943321676
1314.433682252601
1239.572351812322
1248.8596664198233
1332.5550480289364
1233.93610175666
1367.22138551374
1313.7568332576243
1291.3549873255179
1320.8035233927003
1297.2248311911576
1335.5276091331584
1323.4845232040661
1261.3244953338542
1285.9900636593532
1383.4961805386854
1244.9420036696922
1248.0352419448564
1289.0994420049274
1362.1756163316936
1387.9741820699915
1258.0549968477224
1340.1240924935878
1327.34168550191
1289.664030766815
1284.4132650719841
1326.0975554874874
1295.2495199436617
1303.23948734843
1366.032192561291
1351.0195928672838
1323.3380833776337
1343.8549388533465
1343.355766277144
