1316.755339792351
1341.8920084318854
1275.1181478476121
1264.0418789380583
1284.2629824850599
1332.8077212478167
1318.1985526129133
1334.1995656117672
1227.6062458131762
1264.8434605317589
1370.5946434770972
1329.7387578863616
1236.0553476199966
1331.466518774994
1307.3645767015848
1279.6056012268646
1293.7246425380574
1335.8243416626585
1249.2221185026713
1362.0524022627465
1300.5192961899866
1228.3292579260772
1313.6335215372396
1244.176457161804
1354.4571751743497
1329.047261614237
1319.151728813794
1281.191533942308
1194.0298466366507
1276.8191280844442
1332.6752051643637
1205.6138060873773
1345.4185321050834
1324.0780631611494
1378.6006088330723
1255.7489922224293
1325.989327655992
1279.623880450641
1322.7190324124238
1385.7801058412485
1317.654905916652
1384.1165211374932
1321.1889073670668
1221.6514278401787
1295.5076024183181
1343.529106498636
1355.6978112987938
1227.886965172793
1269.3682985352118
1329.6606185471755
1333.0637629466753
1230.2408864092963
1224.645823610068
1324.1405730624379
1244.8793893053007
1280.7846617122318
1318.6953539886647
1272.4432044805994
1184.4221842194167
1262.401120266409
1304.4214158292905
1300.6842237253993
1262.3257239725817
1339.62812590751
1263.969866134585
1359.1676575694553
1334.6523526824212
1343.8160610333975
1375.2014186110775
1307.1851657496445
1322.0049518296807
1296.3146365840737
1327.8489319096689
1328.596887300559
1396.6600316686568
1299.7354800151404
1359.5017620998285
1315.055424249491
1270.5717065520869
1312.7655846866014
1342.0768579620437
1233.9903666348896
1283.7580474397491
1334.3072132648406
1328.102296938835
1330.7849213428879
1242.7580617466983
1270.5551574384717
1280.801117370024
1317.4709854348307
1303.3263360948424
1197.9752781593666
1304.892197437663
1255.1882016190261
1258.6953317847697
1365.7651851783237
1278.391606341382
1327.6960615863975
1294.7205089280276
1338.7247218155849
