1332.6216487611016
1217.6551630148135
1295.2946216343646
1333.4973201606106
1339.3218526513026
1355.33672424432
1336.418318217026
1331.0006733422897
1346.1809176495524
1320.7166323045053
1331.8912679350526
1236.4207995254312
1358.5250385988288
1391.7919020102636
1294.9773104253284
1332.1800483985278
1284.9447397045956
1363.105977967953
1368.7768722903227
1280.8299322342466
1284.2390307741423
1340.7451131546306
1248.0551648555488
1321.9265652822378
1287.1580759095611
1231.8354894364966
1275.482744211197
1303.7281518012878
1344.304721706424
1310.3368343236577
1323.5416096078204
1315.108673830119
1356.8198801044323
1351.916732098898
1270.474383881295
1327.762287153798
1334.3552299943847
1329.3441630057202
1388.7704240917014
1311.8725123094625
1370.1171017087652
1368.3469451399292
1297.72779431444
1320.5689892202618
1357.360434509439
1277.7349999566175
1292.8276277216162
1322.9260931541842
1351.7121698362575
1308.138063559082
1383.514809486789
1359.4943306945886
1370.6507222792911
1369.4694144715604
1365.1962444477806
1278.752780692
1281.3197149615942
1385.164885307188
1317.2694641593866
1298.034993424404
1346.7129326280565
1357.6948676954173
1275.0290648535145
1314.4565898879243
1295.900640322022
1369.2779245581487
1329.418276064036
1387.859020481544
1234.278627402692
1306.1133924115911
1344.306329401915
1318.7198519224485
1286.4542335841488
1307.1022041963954
1451.1652178587672
1330.1394771522234
1294.7626670603208
1390.6393885331677
1302.1753852030392
1321.8529715107807
1339.6957667345882
1354.2523509692155
1359.093691409194
1358.7939326558899
1285.8340159995269
1241.8421426043874
1390.9817930035417
1293.1508050258865
1333.9672562717042
1333.2120891960867
1425.9274570187179
1363.4947671699672
1312.7965519407994
1276.4138560973088
1291.3244235175505
1352.2817584461918
1287.8914343726983
1303.1328680887339
1328.959860731826
1364.9155151559276
