1255.0578581767747
1305.753634242145
1343.2820875958632
1231.4965754220716
1376.6813985889676
1441.0206868712414
1284.0642980034077
1261.2996417498725
1323.3263711430725
1299.8407814536085
1353.528624223032
1335.3247653802118
1298.6880005397916
1329.5874121819863
1356.5910370430502
1362.9752197759335
1408.4671868579694
1303.7651894275327
1343.032495873466
1318.6602046663272
1293.6637841961153
1271.6454649549376
1262.7088140800554
1380.0632771144876
1358.6768208563053
1302.2140396683183
1310.50004049842
1292.4773937622863
1277.9236290468857
1397.4706297382443
1326.4131953918284
1285.901143385692
1266.4452043411793
1309.5818960973488
1378.9184550601096
1342.6836385876652
1315.0932547126274
1309.6367404332675
1220.274885686081
1368.6209726249037
1326.6674305114875
1228.8391740436055
1283.2743484828452
1300.8749929018986
1364.219320143146
1377.3205236868025
1336.0717428982066
1387.8357064666673
1406.8506339439762
1293.2556767332335
1267.8779413165585
1327.1371992796169
1241.8864477821546
1347.8527579579097
1309.4896043138567
1321.102453293185
1373.9699059486948
1295.5430852949605
1290.3387010523386
1324.6813906853242
1381.7718124024757
1350.9672171085654
1395.4170046131726
1327.910992283457
1459.4797471845316
1290.7983603716327
1384.2550569953005
1384.899875700845
1251.4001427050973
1317.7823187048461
1214.5804864157333
1270.0045476160728
1292.3756759291796
1276.303528510794
1413.8771267341674
1376.4350747099934
1310.8432902356528
1372.9645287249161
1365.3659076475933
1351.6354341437575
1309.6335663550083
1319.889702771161
1340.340976318899
1338.0729920690426
1334.0976559223864
1323.860809541136
1357.347940324009
1313.6019070955906
1343.4849465608836
1332.2540441684987
1431.5583307405157
1333.7713875955928
1336.3032378188086
1317.0393269219696
1354.0644514748553
1343.8722295430512
1323.7832904149038
1299.0480087132653
1298.068973709135
1336.2582395054608
