1400.3946817441943
1259.2707069628684
1319.2280777959147
1334.6463620365687
1236.206370387197
1319.0632161524102
1383.424540617616
1359.7628084524297
1388.2908449480992
1361.3367476834046
1274.0601131826004
1416.4646233280616
1332.9150456627797
1350.9615869692898
1293.7151335229796
1362.63563473584
1273.7207328717436
1301.9697099824375
1348.0868268567776
1355.440939890205
1398.893329500643
1354.784565403229
1338.227933077518
1329.7731800955091
1368.3440647514126
1340.0034323845298
1358.274333278327
1295.5459756084872
1403.6190258015777
1361.5494270738038
1410.766551460033
1346.6466928086097
1377.1849336616935
1326.33267985231
1288.8135269021852
1308.2524315643254
1318.6745067252039
1373.487600595217
1331.6102769492236
1371.004382121414
1339.98162341228
1467.63024569196
1348.864751240812
1358.7581645758669
1375.379743052859
1352.0264398304525
1336.2288586762309
1405.6114930139993
1292.6979996207585
1320.5015096474376
1327.4929271537617
1378.0065934349816
1372.1412276276476
1389.7505965610403
1306.7207711334247
1300.477659951095
1294.3657009446506
1285.8023759218568
1291.8753058271839
1345.9054756760052
1431.3746559484593
1255.1032402385072
1317.2908477939584
1331.5515245530732
1290.367738617017
1287.4330893521153
1309.5077889244642
1340.6914660657933
1392.871879716513
1306.429790328837
1314.0204453379752
1334.747959332312
1407.8382922455896
1384.2255671308415
1291.1655887724385
1301.6976662093869
1351.1602517592037
1292.3261909725477
1337.0145217890145
1328.7949069524411
1276.5476910921384
1406.3803620219767
1338.6942697181148
1329.991220598511
1312.7908290131325
1311.2016683135764
1387.687262569189
1228.1366967541094
1389.891808632452
1365.086804599653
1384.9382815343076
1332.0917271418548
1330.1272650396422
1269.3573604519383
1318.3191261586599
1237.2910714050615
1342.6896192368906
1185.7753694300716
1332.0353693698785
1314.973239913121
