1257.9630653776474
1328.273522122403
1315.5629394130588
1314.9448337027236
1194.9587474731884
1303.4607684637028
1304.0362795621122
1298.0874658231205
1324.3981214900143
1319.2050654771597
1323.904581281223
1260.2023559142103
1355.6167976195918
1334.0404878346228
1319.1014838767403
1334.3855644116518
1180.5037831220598
1332.3512954489647
1249.4594505479945
1343.8918886869164
1277.7785279770935
1302.001637059343
1265.188158452732
1308.002410372833
1273.4785902239385
1279.138460010789
1304.9504401582208
1361.7769649916631
1238.124709533802
1285.4358084196006
1234.333392427707
1310.9706810266186
1291.0417430967452
1346.8005427448813
1343.1677861112923
1369.3224855141623
1359.3309496418576
1244.5129271381984
1308.7526454551746
1287.7824366106893
1290.7023006053012
1263.9830177802285
1331.798864870639
1321.4187690572007
1323.8391313378138
1231.2828075691511
1372.206472209951
1196.7625470638625
1280.663812898497
1294.3843669887126
1265.2653967752349
1261.8716460131827
1367.2877489505659
1254.086788764921
1299.5849382633141
1219.949411570707
1390.1134871706104
1334.821349334164
1295.6367422282133
1315.8708617782065
1200.7714345303903
1322.6554530497722
1366.3449281137107
1345.9167595720119
1324.0592177571546
1330.4788151887617
1329.8694616357843
1340.3521057017206
1261.013566598848
1287.1372869346878
1301.4445523474799
1285.4181012386425
1333.039005406114
1360.5252662015123
1355.4056410050378
1289.5696740092535
1292.792526340009
1326.060691284364
1373.2125595892082
1309.738260822168
1308.7208077410146
1273.124064630537
1327.3980879067935
1287.7359474088717
1288.446170365416
1312.7901003644708
1382.5748769593192
1247.2951883765604
1247.9947010356498
1276.9873999712222
1312.2528129095774
1254.0001554708087
1287.7173506417657
1280.600726524133
1258.4224780325278
1270.998201840193
1242.908802327713
1286.042711224038
1360.682000671028
1270.1528026293477
