1305.509398328016
1403.815155629555
1374.0367075958102
1326.068829300451
1309.4597516312936
1401.1702235254393
1275.3276577682627
1357.5404592928294
1338.706165411351
1395.8042101393812
1342.5347787943124
1319.3819551194326
1280.1794217074914
1389.3461782448885
1278.1102229645905
1344.2006974117833
1319.9396640540522
1223.4041852848552
1383.4042733136391
1311.084325175162
1378.4315173389148
1328.7893128743992
1403.2705149017781
1413.8883465319059
1343.3474704967196
1330.6980770196399
1277.9035038745774
1318.761189448923
1301.6343661844296
1394.6580189452307
1345.8249121691533
1276.7160965977232
1288.349062150791
1331.7825188668
1241.8892756822531
1339.5282089300092
1275.2569655760838
1361.644313254724
1358.1419717228177
1361.1830546454814
1393.433828423258
1333.0125778798165
1349.154655612001
1389.303595272873
1414.707218691625
1275.110199578017
1392.8199499495395
1302.6439473084629
1325.3889410540394
1305.197043129091
1320.9856803452276
1339.0545881849616
1308.9330111814484
1353.617236343701
1279.8287135711444
1370.9665393577945
1373.4872073056217
1322.2256030293954
1339.2252875273168
1360.956413710599
1274.7672354010645
1240.6533047473938
1287.233879147463
1285.5003013043777
1376.1363258225497
1323.5597648665962
1339.725317573838
1276.6025224711182
1292.1370319270616
1348.522676517023
1287.060399081742
1394.2537495336999
1345.6664395368352
1323.6849675330825
1349.5555733022463
1345.9794367519776
1364.857220473985
1325.8035881585836
1272.0159508729
1423.4557578709112
1386.0393564889537
1354.704554997925
1332.9148017679354
1436.4311131857605
1308.9156189691778
1315.9582997662737
1348.8224971914217
1336.9837570714863
1343.6605214744127
1320.4506103176595
1313.5028988503122
1296.76906581954
1319.5717688664529
1328.5611860889467
1339.8247389756646
1382.3405099596505
1388.9438825480672
1280.1535205457426
1332.7580765773032
1250.7501495310494
