1300.401811312671
1163.800449888656
1262.5377456870876
1281.1015964394887
1271.380519519914
1282.8073045652268
1275.2945887276608
1232.643225414948
1274.5741045128002
1310.4786051611775
1349.7006128950131
1308.6414296073758
1340.4708554853846
1320.5398296336928
1312.5831226622713
1345.6680829110753
1315.1010829323363
1322.0824472133218
1303.8684168379616
1317.4734266729724
1296.4263300215912
1353.9020135035755
1303.1721851952702
1283.526470108609
1242.6137047912657
1302.738264950837
1330.4806215578824
1285.0732408333524
1342.871855119721
1239.5488035937228
1300.7704146926583
1246.8531413671344
1332.8499661670294
1328.0128168115998
1321.935862137225
1224.4778886498443
1266.907579266755
1318.2442412632365
1184.928539469336
1242.4268421805293
1305.1192022259265
1253.2061462746844
1284.5852864369267
1384.3804976779234
1310.7362513386547
1311.0615948979253
1319.9689120241057
1319.7457960132651
1248.8304634562282
1368.1024912108876
1305.6489647722942
1295.800438895707
1285.2384741991414
1299.901239303769
1279.8383547917565
1343.157956958665
1270.3659074191655
1286.939170491107
1341.1625573956378
1313.6057827652257
1343.42792957555
1335.9628242615572
1260.4498792903294
1287.470687847937
1244.3270020690368
1233.236769576876
1300.539896599406
1292.78227952244
1323.0480280723689
1218.9248573160355
1262.728661370907
1360.7322839822027
1265.0334280008935
1283.0374960745949
1253.8706065599433
1265.2343729938611
1276.8101902090584
1241.2349166304164
1358.081440548521
1266.4366428978599
1269.498401617302
1292.9949695127061
1266.178461395814
1298.3171573763295
1345.9301699541268
1289.042034423565
1311.9938010901594
1337.6959810356127
1189.2853707955528
1275.306594100218
1249.9045412975534
1271.122200640041
1318.9249610825425
1298.5675897829435
1337.2007199131554
1377.8413484989148
1290.039557999718
1283.2906745383086
1302.9962464430937
1330.8254466591627
