1370.3577219446083
1394.9860150802256
1340.9025022808432
1336.2976327582605
1257.977939224586
1337.013548896254
1325.0399674882547
1383.3554659748545
1308.4790287971866
1374.2166131271915
1245.3887630043187
1413.8727430518861
1293.1035115897148
1292.5102849711498
1380.3452874125335
1353.6356287195285
1281.0310708291606
1430.7983984930645
1337.3234055836047
1382.330220019226
1373.0377047814375
1236.8991104671823
1340.4917422429558
1340.1794088433724
1335.560901908602
1289.7915219347346
1313.8104926657695
1326.4027731212873
1397.1225396618747
1318.0780410583639
1338.1901747822087
1294.5887175948535
1361.105899126949
1204.4808331476152
1391.3273849183386
1270.915663972112
1303.616261717102
1328.1838133050915
1327.3369287631247
1330.6913180288343
1382.522779623989
1300.3627862939256
1366.878051691741
1347.5096295508274
1374.4750890481234
1358.8468773712295
1346.1737569356471
1245.9853109838946
1331.8544881025443
1416.8803543567442
1268.3275122862137
1316.9347560863077
1346.4318750965622
1346.8627408101215
1319.8564637825252
1363.39832813187
1267.2420976621836
1364.6402756811449
1258.2910445053958
1305.65929679404
1295.1918753425682
1324.6937800057233
1282.1586985950673
1263.2269059647144
1320.0361850086636
1392.6970309613466
1298.2219615074287
1330.543908919429
1295.474901103693
1290.0046604562797
1350.0912259953243
1342.274564935371
1327.9022557796845
1360.7826580652004
1480.1421794073763
1295.044730746188
1403.1417805540004
1445.4596352252272
1362.3195406566763
1365.1801037037858
1300.127883639976
1383.5485481230514
1272.2937339880784
1402.5631571341737
1403.0270007644635
1247.4629702521158
1294.885782854835
1325.9698859526588
1202.56300026595
1354.5490212293369
1385.7390951156303
1352.5180064272124
1386.0499296673563
1329.7490000080788
1393.1989995424462
1384.9938279884657
1275.2375684126823
1374.6689613069132
1243.5599858217156
1292.7760117461535
