1344.9786796427725
1268.6907346385726
1266.7969061747135
1287.2639953134355
1341.0179299493057
1415.7284147160196
1352.8816643042987
1251.0132857035583
1411.1245696751553
1371.1914226389383
1345.074099895951
1371.0881521146555
1296.0022587363085
1333.283942451776
1300.0293693893698
1256.36824117702
1373.5437822381652
1334.1136757059032
1357.4457991968848
1314.2772244778814
1289.8945158129065
1362.7006229000942
1368.481265942251
1308.6671280247203
1322.9261857080949
1407.3237798899972
1466.7616088600146
1359.6317982433663
1379.1125727949104
1453.8085838890415
1377.279874616143
1385.1871677986915
1330.4139213122694
1301.97130402221
1372.3471259164166
1339.8316405809087
1267.522600425116
1338.6373013505481
1340.8912792153524
1345.2624202340742
1364.8721967909325
1350.8846444098444
1369.0357532537987
1387.6980033231096
1364.435699369751
1358.2627710159422
1332.2117989005485
1405.7783765043814
1388.0655985792807
1416.9078054480494
1271.7162887367817
1365.632805973774
1306.8850227006685
1260.7456720224793
1313.217489668068
1349.3808043793138
1345.7621642911145
1376.056487150104
1381.8304255175053
1320.3236845482963
1350.3264041616558
1345.0127677384603
1401.1318134473222
1347.461635188152
1422.8224632288627
1377.3218962928834
1396.2817706588694
1392.3400749882312
1357.8280577643097
1327.0219449721062
1366.6012113514846
1391.1929502587047
1340.3102481867584
1457.396618961352
1356.1893892107114
1347.930673738541
1305.7750614578104
1364.5471010508159
1353.3809515018545
1345.547725556019
1307.0504508692463
1377.792745469507
1403.7134668960414
1318.598359017422
1390.8917512552828
1421.9629832885055
1421.327084571888
1392.9783360910765
1307.1216177235015
1221.9242601776268
1346.4816618336893
1375.700964432856
1421.34893449861
1349.208035477623
1294.4015424507709
1308.0776430841952
1275.526967747299
1362.381755487138
1307.1609273532804
1374.711155156148
