1355.3181772884886
1303.1296841365606
1337.5770496008574
1353.6981670438606
1336.303525385454
1395.0673918201662
1365.4859421206902
1348.2616940432026
1354.346764482973
1398.0232761914065
1235.5026928050693
1287.7355816690886
1319.9899321460941
1373.1936981951337
1339.7419702745954
1245.545691846161
1384.5452705902496
1272.8499396726265
1409.1339886543847
1290.1124315922332
1328.7116766639217
1299.7927583200676
1344.4944510049816
1359.4383674178712
1221.9691608942558
1280.4896431824777
1254.5089167853384
1391.9278908408353
1367.1365443500888
1351.0596103195032
1288.785992759821
1304.3291776272188
1308.5269960753121
1357.2357793033536
1221.2094894387515
1247.8246887081518
1335.7049151244325
1325.310362970949
1232.493928250785
1382.8248612611694
1314.1819073841273
1266.8976482911114
1354.3742130065943
1371.4484023170264
1306.6383990194613
1406.6570548323532
1335.1819468926578
1295.6313246962688
1272.817621100188
1353.572653654016
1334.6743264096156
1360.819283557332
1298.307947162768
1303.339488556021
1328.716818415215
1407.9464793039938
1277.1707785978401
1272.8107840636137
1400.483380038728
1351.8111251184343
1403.4494346705196
1212.7724733408568
1299.775626638433
1304.8550468361598
1419.3972318606945
1252.0704639870967
1371.9022549778329
1269.2088304836946
1336.4876882634944
1358.5103538422486
1380.2248819850545
1274.309367022169
1342.1381593727579
1254.7512052598722
1397.1619316140143
1399.3918656161034
1275.8427670640358
1310.1032860285504
1330.3690368733771
1319.6477421721556
1302.863065002437
1269.5530387045194
1394.402997805975
1340.457706422326
1307.9961986222731
1372.8522861355498
1353.2660922266973
1312.786204391924
1364.5589355092468
1309.2576261692432
1353.3654509603064
1389.3216469828376
1336.2318444408713
1300.9582927180224
1312.244839911349
1258.2015575785938
1338.0942974751126
1368.3256317288767
1363.3145674864318
1333.5911235949761
