1406.9034707389435
1352.274908157248
1350.845692141252
1324.4776719403058
1291.2230945176702
1449.709623271004
1353.2524599713033
1246.460976730667
1333.7931408404206
1269.6737748600901
1202.745157382417
1280.9921880326153
1298.205994240492
1382.098465184815
1355.8383191292585
1269.826132802607
1324.500070763404
1217.4218749883478
1307.9156883721864
1289.3081983766217
1212.3027923973275
1267.7982058607936
1237.8119093920254
1344.682229475083
1350.8998418560257
1318.8331882729158
1362.699238807052
1325.30284349236
1384.339363241083
1268.258513618509
1331.5060080819226
1306.15426973753
1290.4817978794147
1337.4195890712494
1277.531209413793
1321.914673137418
1334.223498440454
1359.643527250665
1349.8411653835929
1328.5361266432983
1310.39323185996
1337.3056752247949
1335.4161525904917
1328.016965564456
1268.8642566316507
1331.8943269747783
1418.8701680567792
1260.423469500332
1350.811019979269
1336.1416397081177
1324.735222117857
1329.3291661891096
1351.7931599957785
1320.5224897104877
1286.912578185062
1350.1201559196238
1358.9472458858381
1350.6244901932412
1352.524737202607
1301.3733051708332
1318.83494980845
1334.1477640749551
1300.6391186032376
1387.3446410541962
1344.2338113708508
1383.5647522443592
1268.300218315063
1342.3704705075534
1292.760654266551
1279.9036605184224
1350.229484936161
1352.6716238101817
1362.3936952195781
1338.0684590765532
1256.4225068971436
1312.2228359182448
1350.4899099763538
1330.2005164984118
1308.0212042045966
1331.9127160134185
1355.0460378746047
1329.105636693939
1410.0820807354169
1369.2946049663067
1362.1459058417702
1296.466630538224
1246.277513292987
1376.814248383832
1233.2085230594605
1378.1483613889113
1276.9885352657386
1330.194684261855
1349.193123234322
1321.447194804071
1287.1784425816818
1335.0222908563183
1379.1711072102576
1345.3416250225343
1307.0746391150144
1333.2304591094053
