1301.8979354939975
1398.1427968347987
1284.4715141689348
1309.9616401379446
1379.3792795516395
1328.4826908864366
1373.510204588528
1225.5851974660588
1334.715958740563
1327.2022720865975
1358.6951435174474
1391.129658392162
1395.4403898183737
1434.8119060146673
1304.432000433134
1336.1915756593382
1325.8267616943833
1308.955968761972
1312.4059192704017
1355.6507769266086
1331.5810901089455
1418.5749054556388
1256.839383850644
1315.0498359496787
1358.0726177590288
1296.7169269793635
1251.31934740565
1395.2129222745161
1336.9664922151028
1409.7843611426015
1371.3423282352974
1306.3291758691312
1408.410563077313
1309.6215256876803
1411.994651282365
1290.5238302781659
1265.1031448056633
1304.8870259198281
1339.7590716851607
1331.8111871251933
1256.7098435671724
1309.1544273987897
1334.4172247506508
1314.7957242056339
1287.7203545879954
1366.9085640717012
1311.5662660678488
1368.2063245456407
1321.9180134274018
1358.1153616343502
1367.096242703858
1303.6449905032784
1255.2526288105275
1312.9040825610828
1302.59626736255
1277.983755535719
1401.3761916864316
1378.8923811397258
1340.78528501272
1366.1784709123206
1368.9325726175018
1263.8311163014657
1323.2200824280296
1298.370938228816
1367.823896316328
1270.562403307248
1342.6987863280453
1313.8863437306989
1349.3018053425203
1322.364278385388
1255.9202414925676
1258.0219004609453
1473.3114201256867
1373.1961922500652
1342.1170226646484
1357.866554294021
1270.425614202427
1357.4013057216087
1293.389689188298
1352.6825808284573
1325.0068303940402
1360.8444455200672
1223.0949532231496
1324.0459355422483
1448.8300313390007
1289.2512018650932
1253.7126149803885
1418.143665825702
1374.914689018537
1335.9425390928795
1418.2826140357497
1302.5674238012243
1379.0424867023353
1330.637109632432
1317.936952878449
1293.308017771414
1351.4875832204364
1369.5699806910202
1416.1375159758015
1328.9941898230838
