1221.6391652271457
1115.2602256278717
1131.6183789693937
1170.6489187374175
1128.07856691591
1100.6427224161544
1120.0424862236953
1115.100486034995
1184.653119799046
1182.014398865631
1110.5498019289892
1135.3962556795134
1151.351820123427
1161.3996410077252
1169.7822314845012
1112.3853303567698
1178.859199798672
1152.832519806624
1078.2894035416855
1151.64432019205
1153.2303244510458
1121.6896162789276
1059.3605077965576
1187.7444957000355
1136.1895911963907
1108.9379372567103
1199.6268181089404
1198.500307985819
1114.3227184091306
1169.091986730693
1041.766956712549
1116.764279274563
1105.6281473157703
1207.4528875598967
1094.5532280855857
1101.1578692730113
1190.2356006873874
1160.7805808355995
1188.2525341546489
1063.5565979268813
1136.79914111672
1164.8138872609684
1110.663503052817
1106.8481819829005
1175.1763834831545
1163.6010014383087
1138.8512826918854
1198.3747708670007
1143.5721259010204
1142.755465134543
1186.6058984597357
1151.1582281930241
1131.8311520086518
1121.12472409551
1098.0705670297368
1195.4685016759274
1109.061307117339
1146.4850721286834
1128.0397388730232
1134.376626316411
1159.7211673365196
1094.1178646919116
1137.3972592752132
1108.396165430849
1173.4804786507234
1151.2328184717144
1157.0311874629576
1114.9200401548464
1133.7129365531462
1103.4091060722415
1127.7882334861192
1150.4643789132879
1130.1399463995463
1141.0742606357098
1196.854536246345
1174.2194065208612
1140.5659270832384
1154.2991009378513
1159.8642863922125
1069.1253665203
1214.0829764455257
1130.5867994238977
1128.9577788372062
1160.7966246007745
1147.681177433103
1079.0668614052634
1158.0213538520334
1162.778338290863
1189.6578884529927
1162.7593160668375
1130.376888720251
1111.3096112632225
1191.17969642608
1174.789269970769
1069.8131515962966
1186.531336765927
1152.3350542084145
1138.9586107473328
1120.3121319117456
1178.0596475491586
