1190.2171858186653
1114.4875295855684
1179.5104717629692
1183.9351641699277
1109.9853430546013
1159.604227369499
1133.233018819786
1149.8286743200956
1173.9617795304007
1096.98612691986
1093.3869933339088
1159.0255771745988
1182.2608831907849
1179.8485631599617
1123.6173796051967
1158.6291061049421
1152.4221136372335
1198.351140618049
1193.1460229629001
1131.9312067884787
1101.7853279342842
1188.6315900712102
1177.8009330649702
1168.6915149622669
1122.377855961358
1147.331885967858
1175.2070650985727
1145.7394372855117
1121.0056135291136
1086.3048296995942
1194.4849554996688
1058.9831147162104
1191.0271529163917
1154.2100300472207
1086.6178165621775
1163.7022620262974
1112.476750454724
1151.5028295664965
1079.9949859228302
1129.2079347412664
1153.194154652062
1206.689535008818
1150.8916644990168
1090.2232082504686
1185.0263025291586
1189.1235756861154
1090.0561381867426
1205.666719646077
1104.4449445988948
1168.1419085320276
1129.8452163327406
1141.6004004180838
1159.0517078086718
1058.4691790660063
1143.6417352071157
1132.7393556113952
1108.7981896924734
1196.4774549367214
1046.3723932887763
1190.1310464835042
1147.1973126030127
1167.9205726973566
1173.7971041802598
1153.4663412262153
1119.968413898181
1158.6793722389043
1143.138536557025
1142.7971624034917
1128.6174191730784
1140.1091565131853
1108.3045727204299
1145.6118657468267
1070.4737878680492
1190.6495293732771
1172.6463730609091
1223.5923676476937
1226.0373215880797
1199.9813353928055
1137.5733331865044
1110.6186567531772
1174.48363109264
1131.5667636046996
1199.3299113425592
1168.8505809120265
1101.8705382722
1141.3070474744568
1158.397392488361
1148.580011899322
1192.8805404596653
1175.7241627143799
1226.3569428270998
1114.0410058134946
1113.233205189908
1197.223300497717
1147.8098384892528
1180.7224616618266
1165.296627822849
1135.2859097029057
1192.0036291001984
1080.1213404848875
