1196.4364464583873
1099.5492816755127
1126.9940146849715
1221.5614178872668
1078.1637056569596
1104.4622494553016
1137.2497751206288
1132.1483418859384
1149.947368815605
1111.3860333215207
1115.8480093929434
1097.21296655201
1174.659890385254
1158.057791497772
1094.478951259945
1132.8351987314395
1154.0537201769446
1138.3710144006682
1070.3879037021422
1090.418016052929
1116.2137274266313
1142.2553442973617
1125.4244513947442
1163.8189751426528
1179.4807634262977
1168.0982069065499
1088.4593374122196
1165.8831224903336
1099.7608241233565
1120.8553554121142
1140.718741349046
1127.2416720067195
1095.4363055781516
1157.1840413879372
1146.0668152391522
1194.052198087439
1118.767887263494
1117.8344337738324
1129.73936314282
1107.3603716296348
1213.4261902793578
1124.8055989275645
1162.1903893335063
1154.6608037806236
1136.1053091288109
1167.873308138912
1132.3627718969294
1099.5501664001629
1168.6763558517573
1170.074472885728
1105.8769240985
1149.6393751695875
1128.8653704947378
1167.5859864035099
1154.3079929191479
1115.4586440166433
1156.1235989200127
1143.6905720636864
1150.0595726469073
1183.95915786692
1117.5704232204357
1146.4696665814993
1145.8173280249978
1126.5949830083803
1127.378061813237
1173.3681743091934
1067.8982589779516
1079.5925617887276
1188.301137769894
1127.8385163592397
1159.266360450806
1131.0135303092477
1089.8725165131627
1130.3939436503656
1133.0023892309225
1119.8836778960656
1181.0199954437066
1133.1473109904694
1162.6291415587175
1049.4970280654743
1143.6145341572194
1147.0396077054693
1147.7616833140944
1136.006321108904
1166.0112298673941
1108.721736563133
1188.2752771679106
1165.7198329219734
1179.4182067806626
1091.089005193307
1107.626393963676
1098.5920528748102
1123.4626302353636
1150.445101044305
1072.9466607119898
1140.0633813765864
1121.3887603210103
1152.2086379083846
1104.4726843461733
1129.9633967516036
