1124.5967021280537
1122.5893926788772
1187.8060630835196
1158.0071881630533
1161.7600010173014
1153.8979586234082
1125.9358782214774
1094.5039061831944
1093.6229626370143
1186.966307401818
1180.4798246475846
1137.215859022813
1150.9297131986405
1107.2437848977825
1177.3048309594412
1158.525972751072
1130.502366555056
1179.5312424704966
1193.2662008299023
1114.3898441240626
1129.6474384611731
1144.2486370150964
1066.5444856618738
1179.5698519205644
1163.2336014508667
1137.9174309470118
1106.6649965721276
1178.6845644341092
1102.8361347017972
1178.624103866343
1199.4245100623239
1153.0048756276572
1146.809332238633
1172.876435544739
1160.7827693498734
1152.3406174130616
1174.0721625975075
1118.6039057486933
1107.3283106037895
1137.073515436559
1163.508596224189
1127.4140890131732
1152.9992699500435
1068.2727439242346
1127.8150924622244
1221.7943952180033
1125.111430360583
1137.6001392902426
1071.374074372069
1164.4719383718934
1159.5624581193417
1155.6509460151444
1087.788973077472
1191.2818993701394
1163.9194844386625
1149.8482884979073
1192.6473498055877
1123.240344605421
1075.3299494654316
1144.3467034798944
1136.2850206440273
1108.413196193903
1138.8458200395596
1185.5144309043462
1133.2947794890208
1168.9991399985463
1144.3426216878138
1101.130572286239
1113.9993606310757
1195.5945094279962
1146.9642372473093
1197.6080150187672
1164.2983092728261
1138.685541973043
1140.7125864618306
1245.6863927148993
1124.0318009872435
1115.3371375802797
1097.702286892259
1138.7486952149538
1153.4807705400758
1113.856254631109
1129.723185670824
1122.4112256190112
1133.8586907134036
1179.476847085965
1198.1136510877188
1152.5022070457887
1127.0694230848148
1105.3614062371528
1188.9490119928612
1127.9628489838854
1116.356867547312
1141.7787958822864
1235.6887081613315
1127.9650881726866
1160.452277793524
1188.4421079405977
1063.8127597645428
1191.8934075258453
