1153.576961352941
1171.942808506936
1177.023089718487
1149.9684192763475
1137.3381993177738
1141.601140363134
1126.537458226654
1157.348146955774
1100.6690955834329
1164.7468100765057
1151.5354814123114
1188.8024768361472
1196.3686524354837
1139.4399325843424
1166.7039968912798
1184.4405967533576
1110.9141513549912
1214.1625283395178
1148.0476874060216
1173.053457856392
1244.269727550471
1190.865361485548
1079.9311759288528
1117.5477417595107
1194.8942772862465
1112.6382797024655
1107.7817211190581
1091.6637329786543
1187.8671124304212
1167.4539107807038
1163.0533061946855
1094.5267748554281
1196.4150238285326
1174.4252869834013
1072.0749112926512
1160.5098437515026
1145.1487348117703
1177.5800107419832
1193.8620634762083
1077.8517720296147
1141.7297231286716
1131.6685855155933
1213.1906304366287
1158.2276280268165
1155.7905762399853
1110.6881543090371
1131.183353907769
1090.822286109422
1069.1574583520382
1194.7902211133646
1114.917855443651
1170.4624902897326
1147.8564435535827
1108.194468046412
1150.2574898342332
1154.0794104156494
1130.889527990305
1164.2900142202946
1161.4364699128234
1100.4403305185213
1132.183612084257
1137.4187729001553
1199.835202195624
1151.114369011992
1137.719932739441
1121.972725725461
1157.0728617485559
1097.6212049546027
1214.4808412143898
1125.998376144618
1137.6495205389285
1153.2401898904222
1182.2329673693655
1178.4069163322813
1135.466704369265
1188.6145292117296
1123.799449928762
1147.0424130882748
1162.5515206013247
1162.3984470680352
1149.090211272646
1150.0809348230105
1158.0623470322555
1180.668678603828
1176.0743003160912
1191.6100353841202
1185.4909587434324
1174.9835059073694
1166.6923634156042
1150.793549662416
1086.56053194355
1115.8502543164316
1182.7907860714784
1154.0743681981664
1103.4003479355633
1120.9357226808127
1093.0997383515619
1148.647769590615
1118.883563165009
1113.9275355399755
