1169.240485364874
1153.5259184211493
1100.7070319775253
1113.2494824154733
1062.9305256603998
1141.0935862427089
1107.8638570868004
1146.7897932474268
1149.8027993494588
1179.5201732464861
1137.25593874252
1172.9495756214515
1095.5378514653605
1189.4603092969098
1130.5609783356676
1143.9998944271838
1131.2181805583295
1121.7220342495427
1121.3826590450756
1142.135958832782
1156.7774083935344
1177.6239377259553
1199.4777754815366
1144.3655253610925
1091.409724178205
1173.7666524543606
1185.8702546691775
1193.757677371594
1032.6047832785514
1114.540069219018
1122.4777270424147
1140.1580287319325
1170.995891458325
1138.6390384219487
1152.182637403956
1152.428435695553
1170.7826073979293
1044.411391519213
1167.009234628367
1123.0761106496936
1091.5249168716846
1167.1009050785042
1118.0690840737325
1156.8352534479593
1173.226227066942
1090.3228148417923
1139.2468873741589
1201.5894816332986
1196.9189995760821
1075.6571304415193
1133.2978663146841
1234.1811866556573
1124.1420444757073
1149.4836353743574
1167.9563171959014
1147.631367542586
1130.8238796806156
1121.7773636268976
1121.6386235381015
1173.4127615880634
1208.2535477026004
1162.7366146586508
1172.4870634372494
1151.149711277591
1163.8504179542429
1097.038924574097
1156.6398871142228
1206.2467204917025
1150.8643507485872
1188.2547053642895
1204.4400327156236
1177.7622674245065
1157.183409328636
1074.8609989745758
1081.6845012185772
1128.446776434361
1136.4328641370864
1162.6165846477093
1163.9040756522418
1170.5520363026098
1164.025351609058
1134.0867855083739
1169.524481582471
1111.5633591961623
1158.8897450946138
1210.188093012839
1157.8183214996238
1141.459926785549
1196.2024570763626
1144.4956071660602
1160.7765897029728
1104.8459596977295
1130.641011149445
1141.2560894684639
1147.7008240521563
1109.0841837498076
1094.9849695229582
1156.6067209673902
1106.709521515881
1153.2066379133585
