1186.0805371118754
1107.9997418579565
1196.674128988825
1165.2711326511096
1092.523405961577
1165.884910046199
1171.4476037532793
1146.2673824013016
1149.7506022525629
1160.2615507764808
1162.784751036086
1183.684320542723
1180.9885640151435
1120.2102346000206
1110.5312161625775
1180.494455319015
1133.8816352637389
1119.9980663008914
1130.7371222080633
1125.870212029648
1166.3321434961097
1123.8031956389482
1149.4420708540224
1186.8067998288232
1114.3160442283468
1168.083172210926
1164.9361357852495
1154.950496200255
1199.8335502425548
1196.0747933665173
1134.7781261696177
1199.1127719819126
1048.8108198176299
1176.8524268466308
1114.2064835457243
1136.8813821849126
1181.7517255341918
1165.957263213777
1150.826762250194
1125.5433366241173
1146.3126305455814
1120.8177487832186
1159.1926858273528
1186.5885332313333
1098.0433081898886
1156.533509952682
1167.0639586002583
1143.2813550225565
1113.2697897314602
1145.5122989177253
1186.8632223607626
1099.4114228302453
1155.5174565859597
1120.3184607777137
1131.3819906887088
1164.1426710571138
1192.0114864783834
1102.713408513524
1126.9544126583207
1162.2428865194624
1098.2760807960087
1181.2936983711188
1112.501975167275
1212.6571774100905
1125.1310512146624
1145.549529427445
1108.4637746192066
1100.6157529197549
1125.2403419109885
1146.1505488301013
1183.8554595644832
1219.0501250452608
1167.5812700565284
1175.9737449916447
1225.8613085677014
1122.7086858353834
1120.4453079266627
1186.376496369741
1183.1029067304821
1123.2071458354378
1152.8914651139369
1112.689664433617
1147.1431427323355
1113.9201218464902
1187.3610341117837
1109.9126591096328
1096.8719494318764
1066.7703181149718
1111.6620373003925
1185.8690989361126
1186.3897859240624
1156.2888881864785
1162.0733595500515
1170.8197938329704
1118.2472244784253
1151.9304078678
1140.3151970453273
1052.6852926332958
1112.9172818056788
1167.75826810942
