1202.9900959935221
1172.101165220278
1147.3452281249035
1157.3848793532784
1176.995560556542
1104.6143035432742
1194.3826075068491
1156.3908427570123
1124.802299406735
1111.8450456529533
1095.9263785789208
1184.6549859152224
1147.3183226364415
1143.278157788446
1145.0624232885461
1147.7650107619372
1142.6742626809855
1217.6252847231647
1194.622975086865
1145.964427481558
1087.8038295334752
1154.0652006455557
1138.8794654758901
1149.420524549015
1129.7929930703492
1143.4946369796937
1151.0390872971886
1187.8202096311088
1174.6552671827562
1177.7737529161984
1088.1061034350764
1137.9971774170879
1164.532705410527
1080.2784381266765
1104.536389619495
1157.843332666371
1195.666874122971
1138.7694906197542
1146.5194528038508
1167.5523330890392
1138.667866486975
1118.020538541326
1162.941195384757
1174.271436759614
1177.96331007942
1131.2438025210747
1101.9472579075139
1132.1704571699029
1113.6265488065562
1143.758504955153
1136.0353801226208
1144.360843789048
1107.446258188365
1110.794430309435
1169.3126435633826
1165.5650837304677
1159.466980877218
1195.2029823178048
1126.0155892216433
1155.0004547888802
1132.3122116286268
1126.5826724120955
1115.8544990376383
1149.9699678562215
1110.1715012510638
1119.5238471773528
1136.1033192261914
1168.712683375097
1161.4943115124672
1158.8494784091665
1194.2440960954445
1173.4658957524452
1213.8516058210441
1080.3081961159455
1204.2742837950166
1120.6072991045405
1149.2404501767592
1146.392071378934
1165.7562141452404
1164.690681245022
1139.4162385258305
1157.7297396437425
1116.9504095540353
1156.726293140358
1181.6042367923894
1195.731636800807
1146.6311497529684
1235.6799416030449
1214.4735623389035
1147.9951819894357
1142.8343507502407
1177.104234075698
1174.1058604499046
1187.4285470736825
1083.205981594177
1148.8783414629847
1169.6721888870452
1200.262390008271
1205.7030283492852
1167.8861969403579
