1157.5001248874628
1196.5212365930724
1188.8877337957906
1139.5964083284578
1136.336893348975
1160.045986444632
1114.347850715945
1163.8104291623981
1144.6044832613209
1090.0556669891587
1099.4549913587389
1177.8405241314742
1098.2742692631437
1151.2010173806182
1115.6260798163896
1120.6556734056899
1118.2733066464164
1140.6500112125054
1145.3557297716707
1168.7435784701065
1159.719960316191
1114.9057295242874
1169.420655089371
1165.6599526705154
1113.686390014889
1144.040272487578
1116.8414998790686
1148.0369762452083
1084.1840107484566
1097.1135937083181
1119.0137839031026
1171.6416025434212
1059.680426998238
1169.4763456516894
1154.9500480065783
1145.0012376473533
1137.300005541932
1127.87559744895
1174.807053308991
1156.1186788815978
1165.648261545154
1139.3178395873756
1167.1900890605468
1153.2158756097829
1135.1493199921351
1151.5838041139987
1151.3153489659414
1129.6755837849335
1084.0200353456125
1134.033276978306
1130.8280201028672
1042.8185726137292
1151.9846109680234
1165.8909214902847
1142.4132238426107
1052.7829570470215
1164.7469878818279
1120.9937596731502
1180.6699806729803
1146.3850113441408
1166.2237829895669
1176.1402562991009
1133.8560490314935
1171.1163516192755
1155.6356420845084
1225.0803623243817
1137.9984533040656
1168.0676681553605
1178.840205919441
1086.8763242200628
1172.956210214859
1101.8730298912449
1082.2932623377762
1166.6096800026319
1121.6278899816707
1185.3036726157125
1160.2804227487616
1163.5164539902378
1107.7205751705926
1157.3916365904233
1146.0211291875535
1162.9491707196555
1101.4705206986912
1108.4106387670572
1227.8048130540649
1195.9839418541521
1187.5904476408998
1140.147880369763
1157.3194070218294
1170.4252727547287
1158.1367939233437
1050.6523059784008
1147.2713842060286
1150.4075551550527
1168.3019497679907
1201.2985248538969
1134.2354887052277
1114.1262966529364
1129.2069113101813
1169.423241135481
