1189.1773921104357
1160.0978132841824
1122.0995894159303
1155.3780956996723
1193.338501318165
1206.6864400793704
1182.3225364602256
1122.5248597269042
1198.7923596262174
1143.4829804158835
1156.0754876264289
1171.261117131906
1145.6047380215462
1170.8869387191803
1088.238799700342
1181.185431686953
1170.88176092627
1111.3299729508647
1151.1707445740756
1148.4876681164972
1212.6135105350372
1153.2109310829737
1139.605196135937
1153.9914150021398
1114.790089206591
1191.4043766284335
1156.727833562645
1128.3721527308826
1149.1407313144025
1177.3210033725052
1163.3169621201207
1112.0362061266926
1164.0494403487762
1203.507470086757
1186.163254079338
1093.8768572416961
1180.723378058528
1093.6928032478093
1058.5611863005738
1155.1400100967624
1163.6520249414655
1124.9201357005475
1141.2338323433398
1048.2871588394362
1113.2710390315256
1139.9734038034014
1146.24479038639
1199.942757500026
1182.8971114445403
1138.2351314521486
1086.2833907605052
1161.2154029314047
1207.206306690054
1183.0246010688813
1161.689007397294
1154.9605003522008
1136.4465191099919
1180.2690198993416
1106.3971210251168
1140.2011206954076
1176.9690850140996
1196.139458856979
1184.0454183931708
1119.7804033281795
1123.9999485035692
1187.8093780582012
1169.083815276368
1136.436662685542
1110.0909960978581
1130.7008591551735
1154.0262834690784
1071.4480855725133
1154.0198598091151
1156.7159810616686
1214.4090248925206
1183.5169025946925
1190.2479435106256
1135.9519425019867
1189.7386222461635
1061.3721442856563
1129.7835515265615
1141.515013183913
1140.511833002333
1153.8248484340118
1162.9633535279033
1140.431285117194
1117.1520968307332
1195.3684004728586
1129.9616398999153
1184.7491768449397
1071.6385842681302
1121.490791095317
1197.4717562884236
1146.3151919392715
1119.865801126046
1213.0104966114611
1146.9865851429977
1186.1436997014503
1146.6037460068253
1143.4937039277638
