1116.8577395639509
1175.2951657001556
1134.0683694935374
1146.0477866250478
1085.083655167061
1147.5281558173374
1077.4920304233792
1154.1214412297318
1174.8686395323202
1142.9544546505056
1156.5517481504476
1166.3137630015385
1007.9886178031907
1110.7472878407807
1095.6982559409817
1148.739313295893
1115.1826866546746
1140.8002519936485
1120.4830776812844
1171.9517062818024
1135.6480490637484
1057.914569430513
1166.1840907971357
1185.4807654202323
1159.373972235716
1231.476840884637
1149.1322188295676
1159.4984608152517
1181.880216609238
1131.154362301037
1153.5624924173849
1180.3296061571489
1150.9395425224307
1114.5637697071934
1124.4908353113835
1139.218212877588
1128.5267738858963
1109.501501703561
1090.0717395068618
1153.9092226388868
1158.845224915962
1170.32302793536
1175.7315008957314
1160.4015203697047
1089.3633970295764
1160.7672501393765
1051.0450608145852
1099.1685669465346
1180.7483621719002
1106.6495784077154
1100.453919200401
1102.9873391724195
1101.4584790833683
1207.3310476973563
1194.5451415197967
1110.698297057568
1042.1550848956654
1106.1559241100233
1120.0429371406196
1186.1632073400112
1109.483582549054
1098.8236315789625
1183.191437526968
1099.8156571024194
1122.3818180324017
1146.4672111048806
1163.1151446520105
1178.5241228991001
1074.1485883504433
1182.6520833742532
1136.5637875333143
1174.5164787013905
1105.3589199585601
1125.8230724432656
1168.5966093650973
1099.7949335256562
1151.1093634412794
1167.0619671067006
1200.3140611352821
1051.938114526418
1155.4803902518995
1115.875518572922
1137.602836923605
1183.8238666574434
1059.2809354784756
1119.5177870228438
1142.4218533791764
1188.5440611151118
1157.795462323213
1124.7790939725655
1174.9506876073256
1106.2854856747429
1167.9694848904576
1213.0738397271639
1064.5540620280492
1118.0287998734689
1051.310516553171
1100.4760462611353
1165.30025190434
1160.6481216810323
