1633.7520138498683
1560.2604544598003
1513.6950949584061
1595.151200771494
1688.8485210286349
1456.953759272548
1616.5617910544772
1602.9138783033266
1664.1843355867613
1594.2102089255116
1699.529954183946
1606.8654162209784
1519.941404029398
1724.8985021079138
1572.4672087697468
1656.7503332056583
1532.8367847190443
1561.734648847273
1591.5405596140545
1627.1180230491293
1558.6548145579459
1549.3487866057453
1522.2640149873243
1473.0841759704172
1573.6028453280778
1626.9470699015515
1455.4263981688605
1416.864151002064
1557.7206621346222
1518.2422011785777
1676.867133580933
1454.4890350229803
1541.2588848293105
1556.178695968533
1648.3205817336934
1585.6565299369163
1646.1833986915851
1536.9323216213586
1502.6050952291478
1505.2470241007295
1677.9467908339159
1600.5462967883968
1684.5380227859991
1530.3876249677087
1550.459027498892
1479.7296755644222
1476.9492027576048
1559.7241136120933
1518.241477719452
1595.2720791487877
1568.2552364955363
1578.8417460438475
1510.4635257956973
1508.3211267233494
1630.0526252869256
1646.017798059196
1661.7140486165067
1475.32122057884
1556.310008071834
1616.4689906577123
1551.9978231441062
1623.5603082637622
1612.6722780844962
1679.4457829887115
1521.1690507341107
1724.8447686788272
1532.2572001304763
1623.2178469219175
1441.625720965156
1660.4256505376438
1583.3851726256532
1579.9104554023825
1640.99628266875
1625.1400807792645
1667.7807454858732
1507.3324149577754
1522.5525932086737
1594.2033027970529
1542.0296521521354
1508.7403096940113
1617.2665651125014
1571.0303318285082
1607.2303934810777
1555.781434128449
1682.3699224919312
1539.6523752418723
1569.5995562947494
1478.8225436535358
1522.5468159989273
1697.2067201325428
1420.6382393602946
1538.9480841313487
1506.0201967320256
1535.2034338478102
1530.481941070972
1642.582061890137
1701.108058597955
1610.0498444447394
1628.2560165687958
1582.008956975166
