1546.1832180081406
1583.47940905362
1474.690765428455
1555.1455524204362
1594.8512090827862
1691.0362984331098
1576.6531347651687
1432.251751918536
1651.8490363769513
1674.331282851565
1665.57846778546
1579.813918145325
1583.0290431407034
1649.2922917358342
1572.6283467241649
1507.9267552554065
1546.5131850432347
1608.412542375164
1658.415360005832
1637.050953461701
1544.3997314807452
1541.5608737743844
1477.1213979032007
1648.5183041238113
1567.1491311406407
1468.9280024505765
1505.4092230635345
1775.7712829171435
1699.6337186543794
1557.5620266411584
1626.554393622056
1491.7384628454504
1593.6632643760752
1539.6817127315473
1605.0696251614695
1582.1820195947791
1574.0603850166526
1564.5985019747618
1660.2044997997555
1587.3574455958185
1726.7268713893807
1568.8539363398631
1652.4282799518214
1562.8434828073148
1517.6239974267437
1563.555848430483
1416.9879578886773
1679.7232339117907
1602.3680407772752
1636.2774281132986
1675.6516428217594
1438.633232116105
1589.7035067356528
1622.0367640788108
1567.9513621407314
1515.1782767192256
1553.75870728954
1498.0019026421508
1582.9282639549558
1609.689739194967
1512.1399425321981
1660.393423789944
1609.9591502698229
1557.1263739663314
1629.5032154906237
1509.3570653025351
1609.509016170748
1615.4153520553282
1561.8137438529334
1520.8731001894776
1496.7641135116726
1725.0776436648548
1515.623023154641
1500.3223843337641
1433.1633034271304
1476.3283283612734
1733.9560912603492
1552.216189013316
1520.6580654577363
1585.865289857514
1490.007922973884
1548.8638865213352
1517.9690370517599
1568.7239685991162
1508.269699773321
1534.3979002923095
1612.2374331349183
1522.2582401635675
1586.0826653623558
1567.1179743264827
1493.2291838071776
1574.674827241177
1580.0986904667513
1654.5940214581592
1575.1354882116038
1436.6161853051135
1568.0166277457718
1529.7487095243328
1598.6653522890476
1553.9127029790582
