1507.8740852864478
1534.920553662892
1617.5161928081482
1650.5606339573596
1493.8561779463678
1580.86123541523
1517.0029825519848
1584.2945068223041
1551.0751675279994
1673.2776335229153
1557.4327828019675
1570.6066483816262
1605.0083687141705
1611.9807192134044
1565.5022941377676
1509.4625528429356
1465.2570014285227
1567.1992807865063
1610.6005743628534
1589.7791947922722
1682.6055386142039
1461.8011544543765
1543.9813201465074
1472.643680969597
1583.5228067798448
1667.7130835086423
1554.2182224154824
1506.2088831962049
1430.4006127085788
1541.4832928838978
1554.3711350251192
1416.52004532769
1419.7077735725866
1552.531694308249
1638.7978202541767
1524.7729826713692
1540.7798143636853
1647.710975546499
1590.0527527355239
1448.7440682138686
1708.0287675744903
1528.9650550244137
1593.1835526236941
1525.2985027445127
1667.0974184667225
1477.5515379838964
1471.8617073104256
1617.0545274186736
1635.5056576357126
1622.4407775822363
1542.6300250517368
1537.7653214421941
1605.3460920587613
1671.726949033861
1535.6353697696882
1605.6297772457822
1557.2343448276151
1637.7034509682505
1600.613525525383
1717.4728067963906
1555.8494664372815
1595.0671577270277
1533.8046257838332
1659.691121923306
1633.9628608630178
1553.955353182278
1601.84789089724
1465.638142420032
1530.1041709245735
1627.3597136244912
1550.3023297835725
1503.8372694672723
1604.1353337777418
1665.5210537173527
1623.2207114208597
1504.9745133839485
1700.3981106447782
1620.1229787427174
1583.288190225762
1531.620476983409
1656.5174608331763
1584.0985831664716
1521.5597800954858
1545.663592658322
1613.6313574985995
1584.5284446281619
1535.8734514250837
1586.4478482094848
1557.7936561418692
1520.9092509915822
1431.958897424163
1471.5017547598418
1653.085352711937
1431.8101720351501
1574.7079262892441
1471.0721377660989
1593.016559312219
1525.5186762235935
1584.2453670652262
1512.3328783193901
