1619.6249260223587
1584.8845996505147
1658.7264582926348
1626.407879810164
1646.214228131357
1619.5043749417146
1563.7712613941865
1435.1551926627876
1575.9663878598828
1638.7684730785966
1545.2405296370962
1712.6766409742515
1604.536696474388
1535.6821139108486
1625.783741047651
1518.7565336355472
1564.802894765906
1590.4659919179014
1580.2082133401332
1637.3253813035644
1570.7005457589407
1524.4231251721926
1548.5067528594795
1512.7733562473634
1594.1289322740479
1582.6107497564421
1548.0430328330947
1537.1449461340094
1619.5501693361214
1631.2304065527603
1604.963488959977
1544.6520266747557
1585.0307532751324
1558.5216820561309
1498.9220233837111
1620.0911560477912
1608.1721283217198
1578.3293824011025
1621.092282042728
1535.7741586370194
1570.9389515933246
1405.3959814771133
1536.9740198588115
1573.4339292615948
1521.8959201827713
1511.9967841530279
1571.7504236554946
1542.384591975604
1558.1006596242346
1611.2111604304341
1798.2529011400159
1624.5183087347502
1547.4069653582094
1659.4988652919312
1555.3159463124543
1563.3999393866939
1660.077765636102
1434.9180845295639
1695.782256801103
1575.1939462576984
1615.9998170728675
1720.4503962080178
1537.389187384697
1496.4291474756446
1559.7784930604257
1642.7746545953435
1693.5690010846372
1583.223016296474
1543.752999955762
1458.317890846149
1641.6413519138348
1611.8960130819612
1585.186000249595
1633.5800855812795
1624.5637727053672
1427.7759769819545
1682.2550156571142
1532.5585215714618
1741.6810117444531
1515.9289067575016
1602.6894890095934
1592.6162226289791
1691.9906862710054
1516.6524304861045
1571.4883006098135
1588.4135089682343
1693.9555387198398
1663.886642515929
1560.9017595926532
1610.2475900340414
1476.4939406288865
1720.2222194588414
1625.0364818231913
1554.5533985808966
1647.5674189431502
1494.1797065719381
1705.5758087342372
1647.8749296272686
1497.0784664417888
1627.9227674377937
