1708.08907915755
1530.845910928849
1566.6996309297058
1488.5062287056865
1639.9546717403377
1591.0601988227436
1562.4952644602881
1601.0701192527952
1562.5075958707994
1545.676147175617
1449.4606636565386
1487.4091587764235
1538.6169004913606
1566.1207190470184
1661.819768148297
1605.0740188580603
1490.1493750383986
1576.2030871000102
1547.3402553089616
1616.3999286602784
1513.6188695271196
1534.6284176829358
1562.1054388540406
1464.82672638832
1516.1071267401371
1509.1096396386156
1606.7755512137242
1697.9848245407939
1554.9601301206742
1559.0033567124187
1612.6919465797118
1568.108830920448
1621.5199466368404
1544.6031106712273
1537.4217515475095
1541.9985597336927
1587.9192307762476
1552.5235500907052
1461.3376159628465
1625.9723856698754
1603.2607098675614
1574.016383290109
1660.7209628017292
1490.6624370657055
1589.1620609677773
1505.450920465325
1643.8015711683993
1530.6514099706048
1542.1578753276278
1566.7959893007455
1493.5050618748767
1613.4037935131284
1529.724125412198
1402.4862681505556
1487.4226731930269
1673.4918870636368
1604.7074159095569
1589.4190460065342
1453.6143852439516
1541.295528895215
1659.9501991893064
1423.0208573142204
1562.602834910739
1452.3875369683374
1695.7053630819464
1617.058278659501
1547.2657842413212
1567.621457097818
1586.339986033937
1590.208636041809
1518.5125987743172
1641.699785082849
1534.0372338201744
1596.3200784981614
1655.0900973270352
1666.6764655109678
1621.3108941035453
1644.0802480271093
1617.2182729757083
1596.7701907761045
1563.9644679801208
1510.6268763877658
1707.0829893273187
1623.7297079555635
1668.070382221208
1606.854711420211
1557.1708279536545
1742.6812074388092
1583.9077162615658
1577.0706334407168
1555.0970410806817
1574.990071592793
1603.050590337363
1566.8359330733247
1624.9119013912782
1441.8588093260248
1628.5694543120437
1679.7088371896537
1486.6019450853196
1370.27266718899
