1476.5099092328985
1613.0111299929688
1688.6111741597763
1679.5955361517983
1677.8507745661973
1709.789041815705
1500.9809660403712
1653.4262289867308
1440.7920061615193
1611.3630415672828
1552.3554458586675
1675.4563055022497
1528.243800097319
1586.5670679403563
1513.0141572509933
1596.5414187075503
1590.357160387054
1480.1086325270442
1661.024459873171
1499.4940083484382
1576.5702299338914
1533.2907584000873
1631.7103840559664
1624.4668352912774
1463.8697090407175
1545.4780548464964
1680.9794742291592
1450.4966412696922
1436.2395061950656
1493.3583708276383
1638.973093990076
1619.894451286927
1537.9511314529118
1654.0735028083873
1500.7368000322508
1553.2705280538592
1556.5341432754774
1618.26733576234
1525.3181562519246
1695.4332282349153
1660.4312536495615
1532.301640374882
1535.0548827815053
1605.2433320422697
1556.6086074059065
1622.493938693827
1534.6274745566443
1688.0749383282416
1631.0466348290988
1504.87462214116
1597.9650636042686
1561.2730583198286
1506.173165442729
1632.7307030317302
1460.813211081482
1699.6429803625683
1622.921879197071
1621.691262227167
1564.8812177521083
1514.7429532447873
1551.689274388187
1634.8166905188007
1546.9246525239157
1618.178974320038
1487.9570129115662
1688.90057259722
1675.9681983680903
1651.1520964876715
1557.3572794131871
1670.455718571764
1615.9544368880138
1528.6267469359439
1602.9109399374825
1486.5942950389397
1479.9234931873953
1507.9410129505893
1611.8192249028202
1612.754170918994
1505.9725953237285
1583.3990980349438
1516.2307992528788
1603.2323941769832
1548.104553427768
1517.3435274213005
1595.4668035318825
1559.5338000557272
1501.6109647764883
1476.8335837263044
1470.1848338284149
1660.7086523604166
1584.5651871859416
1482.097915061058
1616.5601754828185
1669.398503475586
1548.8522854638845
1602.2178084776162
1669.7746293522996
1516.8622896142354
1693.7567265357966
1618.8694609005447
