1613.5977400667182
1647.756476717262
1484.2896333530814
1654.4495810605413
1588.6337107588795
1507.36405086085
1586.7292504938875
1462.6452507050228
1525.5715364932857
1604.0450191836544
1650.8462994668391
1650.735994304456
1607.0515780376272
1552.256537959728
1538.232410882465
1670.9483527410998
1526.3872037385743
1589.8616239679354
1547.475278779023
1621.297307982132
1468.1504183120937
1408.6196370426283
1635.2863505426635
1500.8728574212
1695.1526735391612
1621.7292436191494
1560.8198684850404
1647.865252955873
1567.9528825506932
1648.211748379836
1593.553074981178
1491.0457767376117
1524.7259948666783
1506.3249622294838
1571.5983670602623
1500.5561547838083
1525.246833677189
1492.390503717124
1502.4114212301504
1543.4028712207203
1566.8190159351007
1588.3352077680956
1672.2000929978124
1606.6027416950024
1623.6983799728719
1629.7715567991645
1655.6738865567295
1566.1340416769542
1550.9365298408172
1480.9249995054738
1694.3502071475318
1613.3641994005586
1601.4676926455172
1711.311634271584
1607.638054465464
1509.0766855624624
1436.2692785030422
1592.3414214630623
1643.6223458098189
1594.8471407893594
1566.3855062862635
1646.2437286983784
1424.6296563848439
1486.1896455847832
1598.863427231164
1513.3757988120346
1545.026748168725
1658.7805365542001
1651.2052935589466
1522.4640985300312
1504.4857987687308
1579.0928481020508
1670.4600406502257
1530.2890333217435
1469.5697497028225
1530.121280177664
1586.7980313552123
1647.081015417352
1555.5931882423433
1612.435478937683
1502.5111918537586
1616.4770742117569
1567.7471339668311
1555.9429322502606
1648.302121884363
1575.0323756200887
1637.5070170355573
1659.181195841694
1561.456416463714
1522.2678134291982
1464.9099893983926
1518.0364553869013
1490.191335980477
1563.2022982815722
1575.5275938466425
1497.8962326618791
1529.930646171707
1619.7569582037952
1531.8322149465353
1536.4266044627975
