1522.751250355447
1550.8883490940057
1660.1537580163895
1479.4763680104834
1419.2309829599765
1550.1967694503462
1483.3006067299827
1630.271390236105
1587.5146225561389
1585.9041347800032
1587.3197525097974
1427.238467743337
1632.698302084648
1530.895934469554
1496.9363335507617
1548.2301462255987
1526.8887479962266
1478.5496754277485
1492.6691218765402
1524.5618884670068
1576.9235590471985
1470.6517413391143
1590.6589660400355
1611.4652255044698
1523.030577082712
1454.1816313008032
1583.057368098097
1547.8668134355394
1585.2439100665251
1588.9330617390765
1541.6122402400597
1586.2317582983815
1406.6789180232417
1573.9003374669169
1536.973041039771
1510.2712656524059
1521.995451764982
1539.537201957767
1556.9932200353962
1592.9141390440577
1603.4106934988617
1518.0835017908903
1610.0206440442157
1571.6108196365783
1479.6925574256245
1638.6989366905505
1485.7816712272568
1544.6822764031797
1542.4057623238316
1643.8364181362326
1579.3462953681342
1580.9498463298287
1485.8464685708848
1552.846598468298
1468.1363317564026
1614.14918374257
1598.4465882156621
1558.5944819794777
1590.7617477805777
1557.47982656988
1573.2457299153307
1592.4471523032785
1557.6212689783974
1665.0699911902502
1605.6520691290716
1528.449275356083
1558.0202541341832
1504.9733838289862
1556.0687410632165
1530.0169150871407
1500.5871570437168
1545.1845774433848
1522.3402495597295
1598.3176705909143
1612.0058666362227
1622.526684040673
1607.854651458851
1704.5102876548356
1508.3370428977244
1468.6708454869581
1718.550912132025
1596.054169116231
1644.5112047586003
1509.564052977822
1477.5389922790137
1602.5116589521729
1413.2203544401382
1601.1147530089972
1629.8754160383048
1559.8676485431538
1603.6125126376025
1486.567675615623
1679.7836512252618
1552.9403092166363
1527.8546727864752
1551.652964545409
1566.0458628877745
1626.6877506304807
1524.1122204302783
1577.8894106481255
