1304.7824200330203
1507.2548574356658
1449.0010272828183
1337.7885897970891
1394.1470433652191
1354.6139048092987
1452.7100503274692
1399.2702843804793
1402.3348087003762
1432.56277305661
1418.629789526345
1384.4064626886548
1379.5831973825
1467.9217597868283
1474.9373010674383
1403.4362373085798
1439.5163989156267
1423.21652344937
1487.3736531141597
1451.0375217027163
1452.5668417601232
1386.934299648804
1417.7172155812332
1420.2917241202508
1404.3673637627912
1504.8214037965797
1373.9212105056026
1336.2679232591743
1357.9249967834057
1348.5557237132123
1386.0589452472943
1367.1423491002238
1373.1844310181436
1412.6646058910553
1299.5982689857776
1503.8737539871968
1404.9893949007792
1317.408106637664
1486.7738426131475
1426.701456047648
1498.0449989973763
1372.7473409747286
1366.7681055146165
1425.8690818369696
1405.4845905100683
1359.0481153278754
1468.5333200270186
1454.0340814786125
1438.531583702323
1450.4066004314898
1335.253558631005
1276.137397572019
1425.715822803652
1391.93072965069
1387.3617087674008
1289.0036704606907
1363.969909941324
1441.9219197465652
1465.3617955092097
1459.4776762101624
1468.9390091343205
1407.261287228083
1418.3156616953847
1332.625691729282
1325.3948366759955
1353.3297681493527
1469.3833433807247
1440.635980852943
1407.9525172181166
1446.9682093182846
1320.8451855915202
1372.9943576215285
1405.550529577633
1358.5232739993833
1336.1742270959812
1339.2320937949723
1335.1986016299463
1403.6694923679563
1421.369663017812
1402.5190275480752
1435.5528598266194
1471.9002815185886
1418.499630313263
1310.991618836882
1370.0770194398965
1479.3381198344036
1410.0456317649605
1482.6285717478256
1534.0928665351423
1420.4410487466837
1350.874265454666
1400.7498097521573
1306.0430823235445
1415.3416288040085
1452.1696026643351
1519.4513900720665
1336.3820547163389
1448.2301220060406
1430.2828048943786
1380.413084747673
