1229.8143961988692
1283.6738860103753
1434.5993820993017
1288.2770861758897
1355.2390723727667
1376.0920982426258
1454.229360799489
1371.6629816234029
1463.8590651316342
1337.438897084568
1316.6983857512419
1340.1604233745363
1400.4015787605936
1284.0400783607026
1327.1387806566827
1235.0142065711912
1326.840636752221
1400.7505721768202
1282.0740479494225
1318.5451142436382
1394.4610197234315
1280.3298923040861
1255.899243106396
1346.6050530496766
1352.6184561214857
1319.579786169415
1308.6535428315715
1296.626233303001
1339.2894511322538
1296.9656145585807
1385.1785788471761
1256.0126501403727
1346.341082372921
1358.2802309105118
1389.4215706480811
1334.8100052861625
1367.3923410963935
1393.899661386541
1390.5469953012928
1392.7641373159208
1343.0473826905748
1335.6920174157503
1408.870108829937
1254.2793677548136
1309.3942945640963
1288.3442769509754
1414.460607191372
1348.4207853340974
1202.9083726829306
1297.0684217301387
1299.8247769174693
1360.0174669635544
1292.2293773271685
1335.2967442608895
1330.5264260411486
1322.8875856889774
1349.430806855258
1291.006628288101
1400.2916676398527
1327.1561783265447
1342.7658855380869
1307.273837927288
1306.7712897405984
1316.6252445470175
1405.1897458773553
1250.5347066245479
1276.9019539494661
1236.2706846234857
1336.3617325271036
1288.098361696114
1376.7177291071575
1365.1653149255283
1367.9044916304397
1368.8815644045264
1298.355667093853
1382.372753995026
1364.4033433932188
1419.200156419231
1308.6682965787384
1323.9396258417405
1287.530556927683
1381.4965016896545
1321.9859544020705
1338.7348537175417
1371.176966892604
1302.3774501881903
1310.6697854005563
1321.0641875082795
1319.9019106479511
1357.548001127069
1425.895323818582
1402.8779671124587
1344.6663301586132
1308.8098881011265
1371.4640744241067
1439.650245617659
1339.3967509347387
1291.0039460379292
1273.5563755872954
1301.8668024933547
