1338.826592260821
1352.1666725358032
1366.9720946288917
1378.2242886083466
1316.378995863977
1313.1014574235805
1312.4338854754144
1388.2602230104078
1300.6341847093854
1361.8050840158926
1163.2639359159218
1264.7708726038431
1341.4129874345738
1322.028682818119
1277.2371616669643
1319.4336229774399
1284.5630326905637
1263.9006526738397
1399.1624215590737
1422.6271881888233
1315.1065109977883
1335.987753209564
1335.7587618700686
1349.8810536293265
1389.0866550422468
1286.2613604721826
1315.0758840348337
1401.9028876457032
1235.5018225552508
1327.8452760922287
1281.5373197993722
1301.9891399883998
1266.918125274012
1363.8483236726815
1359.9475378542177
1384.9897879646617
1255.477669226991
1226.4052376448685
1323.6614728544073
1318.5171660816275
1301.6127973610176
1308.9014399029354
1377.0028541986362
1294.8012720136442
1338.9604363809256
1273.4506732285497
1303.9418482925505
1202.1562554507873
1322.7610669485919
1369.9181491142353
1317.921915636593
1325.2056674386881
1285.3538341728383
1372.9913742239844
1339.8816551868686
1247.0565577829345
1295.826864267322
1354.365211039655
1314.9834490017251
1263.471900279445
1265.7872269953011
1394.0033497911463
1286.354668527087
1314.8219031523683
1350.3503215117805
1334.2454012996031
1298.1337680248762
1281.099376104417
1296.84388074027
1276.4055373078963
1262.9882387738767
1374.8690021992936
1322.8145323285987
1340.4449606140486
1363.2823989522901
1306.2136771708515
1286.108989720494
1221.4182612251357
1326.7909959419717
1284.6602121629355
1288.7603917827403
1367.8546868600415
1285.1681312285725
1301.2157273954274
1287.870371201288
1380.31942766977
1362.2569364222145
1366.812267888287
1359.3987847677975
1334.8194516896249
1292.5732008979903
1267.132143910898
1316.050658755555
1247.8009332034844
1269.3747190716592
1342.0566052900776
1287.6528430044002
1369.3772662912643
1306.9066558509708
1306.0445446346544
