1249.5148287596176
1132.9598199368388
1333.40628995142
1330.437007161996
1319.6615597654886
1289.3141287470278
1390.8457649433585
1345.2266768437382
1315.39259418861
1328.5959109261512
1334.1938700297485
1424.3306707392703
1363.0522857977
1341.4908751537378
1272.1865886783173
1339.2046578831046
1289.8394941323004
1327.7804062543564
1341.42548696102
1370.789642085157
1277.8142803039086
1232.7217078533631
1349.6632542768416
1304.9584337332217
1341.3074231435878
1212.8045611297225
1309.5047697383327
1248.326090483704
1364.6651947849268
1338.864541423847
1287.1927529156064
1373.3041613001594
1342.9183355617395
1333.190569733645
1247.171670601592
1277.3987518726774
1260.806574627561
1215.0144316010596
1320.6043609558874
1301.653572581929
1389.876236484609
1354.0091376225282
1309.3939174916939
1399.4695721397304
1320.4577335020817
1241.9154129356762
1312.3005400140205
1297.6404714875678
1335.4422531986515
1412.837182482137
1386.1389057887118
1297.5229006849179
1361.5602184877296
1305.793895471668
1319.518707785315
1363.573729143111
1297.8361739836403
1375.0495372360253
1357.245493852084
1292.3769325766843
1339.4638118048736
1217.5168445591962
1345.7720769967275
1182.316977239065
1317.920890302893
1351.6637648220074
1259.6237353193387
1256.5054938481578
1379.3711975526107
1332.4308361738013
1308.1360194927581
1352.286566310678
1259.5351977288278
1414.3958267607168
1342.636660648729
1330.9727457284298
1237.0412133022403
1243.0415804529964
1326.2019580131373
1242.2758124204017
1311.6422655415627
1333.5697674967762
1299.792996424586
1308.48975120865
1334.497389468922
1267.306978674626
1334.3032138221408
1343.346485854105
1362.711194041548
1354.425364539871
1449.4511890025972
1361.551111102897
1348.6319529197567
1287.8578746691546
1380.4782311164495
1269.2100025132074
1351.1180834769602
1217.807942072174
1254.8623516768587
1252.2154585699886
