1268.4753934225325
1386.1108606538648
1355.4405934191457
1443.6920786324742
1376.8628905288513
1443.9819578524352
1424.8013042553484
1430.0463519137772
1399.5483290769923
1430.2725163526698
1421.530351137558
1340.154467922793
1467.6808004716136
1451.8645113102082
1432.4205201618133
1514.539210358029
1498.658800370788
1376.744624143145
1411.2860755601873
1489.021891255728
1324.0890414083226
1409.3137870440396
1356.1779748751476
1456.0915350600208
1391.1775406947984
1440.1191293980207
1421.8995387634673
1448.4689055471058
1466.7857969145696
1331.5070145322888
1370.5256094879992
1319.245797832015
1506.599669899407
1388.475784380893
1412.8874395597138
1416.726592530621
1367.909369764991
1467.3973792173147
1389.7504850284552
1460.9018754035046
1422.7022124906327
1447.1498463874425
1514.712399021021
1469.476827684827
1456.157008732939
1419.2057151206018
1374.2794080979957
1431.9380094734577
1402.7819671699071
1460.822343319201
1516.154618433067
1393.7027257379366
1406.4515982370224
1402.9528906270793
1440.8196285729182
1481.2994658860302
1393.485813307565
1390.1523880187158
1381.3296015404464
1471.5528215612644
1419.1074335442224
1417.205156881628
1388.9377234474837
1489.3303142286388
1405.5647641994467
1435.0090353001438
1450.9887953881862
1420.7799942415443
1387.5593839649205
1244.243892271294
1456.6015334733663
1407.4424570868446
1425.2363803827955
1490.5786503187896
1381.9449934576887
1458.5300902121894
1475.7456234022493
1499.2193385134365
1473.7646830809267
1462.8535693672845
1525.2016297443706
1463.7071694420044
1379.4157153124531
1472.3802247470965
1381.4757726944385
1419.4660166953572
1442.0338566842615
1419.344492654075
1436.74887921929
1378.3216945631552
1462.9701379887956
1389.096119347094
1460.736145267303
1423.8168928517416
1439.1422465489252
1425.0020051576673
1367.444435331157
1448.0050197539574
1206.7876574672955
1428.110019204299
