1276.4690949480917
1240.1668900927332
1187.851272855348
1230.1633400119354
1325.731988204688
1231.3536667287533
1358.5281246197876
1344.9429164788448
1303.199010144409
1215.0154305311328
1345.256584400427
1200.269895234474
1353.5480886635532
1310.361871555997
1340.4084137054183
1287.0973253141206
1255.909788328529
1285.3224436612743
1382.3590804881908
1226.3297812679805
1357.9810538440522
1323.3840508396077
1289.2731271780133
1356.335917037942
1290.9807909613587
1381.4254264707051
1335.4566401672432
1252.2773765760817
1288.9614389354085
1346.9066389671473
1279.5781409114834
1265.825318820362
1308.8026710189722
1216.8530896317009
1382.5520973114624
1277.3225070906346
1339.226556490104
1251.3901150031863
1281.839318718003
1165.0870513305342
1386.6556008079554
1303.5507935440814
1293.0049847368152
1216.8681298274905
1258.6347391144432
1327.4896277775404
1291.0149079170617
1363.291308023848
1302.2098724512748
1302.1894710909417
1269.4150771350407
1373.2097362534116
1319.0125448719505
1288.3728007872883
1345.3878873035633
1266.1926375666699
1281.1800922887264
1338.5809214439696
1344.5912639012504
1279.18464288113
1240.8766371940264
1225.9043390345296
1235.1008851623337
1274.9832336214463
1362.8360149020662
1272.16309690379
1378.2814908295525
1365.0645411629273
1198.7088954936341
1291.6636577825927
1304.7781380401095
1303.8827018473396
1278.3533582031744
1244.1631649999936
1358.482267635467
1278.099989843441
1249.5745112079112
1222.443942894375
1189.132448223552
1269.7746892581938
1256.9690600435572
1191.9286111784015
1213.0275401289794
1245.5870732792018
1337.7457954483298
1255.345035173656
1195.5697168672903
1193.8107529238873
1364.0621847144446
1278.8597631748805
1326.0544170576627
1251.5262161778812
1148.9762795892866
1310.7094502610944
1230.3063842153967
1264.5794821812824
1180.2370404901865
1192.8751028308257
1324.585661333819
1316.7995837904234
