1286.5828870225898
1330.5973171735473
1295.5856667840217
1284.2604719964331
1299.8612364660241
1325.117481200351
1289.1789657669856
1373.3728207814952
1317.720909479435
1286.3712599702671
1417.0523447467788
1376.762435281991
1275.848187957112
1187.7625967811277
1341.3495174466725
1301.4752452707241
1359.4400313959443
1313.4414532126082
1399.7656160947995
1272.034897993942
1266.7766107867958
1330.4684911687073
1318.4421001480055
1297.5714671009168
1329.766955280109
1287.0294410769886
1397.921693762724
1318.8987963830427
1309.6412794710873
1353.768079901474
1209.9775224552886
1293.1895433882084
1219.7425478263724
1280.65943769494
1263.7658613440494
1268.496771980966
1227.0738996415466
1398.8429808657395
1319.3443622138568
1271.7247535176828
1310.1556732068682
1356.6213418358923
1237.1604488306648
1279.2003677417254
1230.1438479102253
1251.1785294862182
1313.809254957053
1340.1148051043592
1255.1420059246316
1265.1620653646664
1340.5815912789315
1355.5393024612958
1290.1634549445876
1269.4740214572955
1334.1599470315764
1300.9377315959214
1314.8464841033588
1349.0072865875281
1369.7544940682933
1301.0594105524706
1337.334301374679
1351.9661594009374
1363.7350981059935
1295.351162670955
1332.0501817970382
1245.9192538216803
1345.9079687612223
1283.3832431861865
1317.429461258273
1282.1492497934971
1395.2073177056952
1280.9007900430095
1263.7152285589773
1327.7287608863855
1347.063641125413
1305.0579015318833
1282.9984099067758
1324.505474310398
1255.7886756349708
1320.7904619753522
1195.6686893365268
1289.1460985493272
1226.1812839612892
1340.0166362105276
1381.0169979201241
1385.2864085136066
1305.2444241442133
1312.5071663584245
1329.1667051885365
1274.467329609453
1352.567012577512
1291.208557999799
1314.0661198080793
1265.136341735271
1312.2992057867532
1313.906030329289
1337.2157439362547
1278.4909144138628
1384.4206154716417
1304.7849528914899
