1345.8414902918346
1285.6163005661067
1312.908783713845
1350.6810187491385
1309.0881081408263
1233.6762818049488
1318.5078601389082
1301.5025173131487
1354.0841226052332
1343.8347358320655
1223.373322415197
1335.5601176283933
1314.235378622879
1326.349883582589
1360.955457788154
1240.1332030021626
1226.8287568786907
1292.5786267539115
1366.5269976720533
1421.2265326530107
1383.8307893117562
1292.973712098293
1368.8355728557876
1271.5875419290214
1329.7587186492276
1386.4115982916276
1356.2257066690838
1261.0766902083892
1336.925409044913
1412.0451109020344
1220.3693590796597
1338.5280222119786
1259.8768799326535
1364.9279903103798
1301.2113063165823
1294.548205408251
1276.6879372440897
1334.7324391441118
1279.6436728468218
1278.5658273623926
1255.988601822467
1338.8348895436602
1408.861010058268
1306.5411975776713
1292.9789128732023
1320.6855420706097
1247.8532289978164
1277.9587990938385
1222.1699715373998
1304.8785020154542
1332.7836709150838
1325.2754132884972
1319.1211729697548
1325.821651941377
1217.5441516461558
1336.2559287448948
1375.3188026231746
1239.6287385293622
1295.143726033854
1347.5580915386338
1298.8390065860067
1338.3667801072056
1293.143628757138
1245.4220552041852
1282.6083533499473
1264.5673294514497
1301.4660728652393
1320.8064312541214
1282.7730621254964
1267.8238271830314
1283.8391953050568
1267.2891250125065
1304.8018603233734
1271.5434882681363
1245.6551426285346
1294.4387545488823
1255.626656974263
1357.4573886331052
1355.8719650526969
1404.0986082173567
1227.4312631380008
1249.6802933831032
1330.2339948137171
1272.0539051294202
1260.3593069723152
1284.995417153912
1331.8486683080043
1329.918455642866
1347.155253406047
1329.7508108311313
1296.3487208558245
1386.0096368708982
1231.218283683924
1254.82907393035
1206.455945324183
1321.6102944195652
1301.6649514934745
1310.4596360211854
1339.8280830135218
1301.037772313752
