1136.777624239602
1098.0171175382363
1123.7697402502392
1091.2593421052338
921.9559902743825
1115.3351526556676
1005.5706993616765
992.1137311419654
1109.1732229604524
1050.2371333511658
1155.6060660747391
1084.95447117712
1117.5232718266907
981.180211999939
1171.0140741420546
1089.7762011635152
1111.6680785453314
1090.0882866346024
1117.1582595539396
1115.7899459183286
1175.2976442717509
1110.3356829641925
1024.972890289228
1113.964487981404
1071.385379591315
1112.792060108306
1016.1617889640413
1134.0797275477767
1003.9661075108908
1022.7541721262282
1084.3606548280222
1029.6943871007945
1130.9790236496733
1056.355019288293
1119.2255828704435
999.3409811514025
1046.3882004989757
1010.8417516667082
1011.3598084944196
1111.6563233305799
1050.1319082555585
1113.6866255660964
1113.9994730883477
1146.0609865300241
1056.581683501505
1116.2703281785396
1037.3900584898274
1082.5856599194933
1064.914371952156
1066.8531338181974
1007.1387115537037
1085.065287268641
1024.0062234418062
1116.3065583303317
1143.9583948982681
1042.5554082702797
1013.8897199691884
1081.0485113702978
1154.1524803555392
1181.598113808491
977.3754538262061
1193.7926892128762
1043.1775036252739
1061.9407402107606
1073.0030598736312
947.7196779432752
938.5625842565009
1091.935467229655
1064.14793949177
1144.193861750259
1063.5886568880887
1056.602741426719
1110.1507599425468
1061.632188115605
1140.7117426139735
999.9958139475505
1074.6239859390496
1070.1398142483056
1068.348208560993
1155.6808775315258
1022.2036400659081
1139.8297622878347
1079.2389093488232
982.8650320126496
1094.8242316664955
1087.7299339501847
1039.0864971534922
1205.2760332380096
1137.0201533719721
1064.503740056195
1059.6605125685942
1144.243668622936
1109.994638523529
976.458346592897
950.6737241818342
1148.6215503550727
1079.2028776321845
994.8032536418232
1160.2419353970658
987.9596944097008
