1122.1518425978559
1050.3055410880481
1004.5580982351229
1093.4979272002997
1052.5168282200377
1076.440794551032
1071.3177655984816
1067.8459834128032
1125.9363421924343
1123.519146330659
1020.7508177950186
1101.61641348194
1086.5591626324
1047.7549959226772
1136.132582819983
1032.8269015482329
1035.7961334316265
1222.9320227080993
1078.68090390628
1083.9182564086636
1192.4346867091954
1057.5251180514658
1173.3093740890945
1039.1349819852444
1079.718576182046
1165.0776251017612
1153.8079572364647
1117.0545640429184
1055.6165763632412
1127.4780642380554
1046.1788668032068
1055.6913194323909
1098.086583167521
1125.8544473959848
1033.5135238914522
1019.73605028427
1077.690462477823
1039.470849847154
1050.8987090591845
1054.892375932597
1009.1233817575329
1038.5979478156978
934.093266000238
1083.8917261629297
1054.8943830537949
1189.2712132050513
1014.78224867804
1142.0897218875502
1048.8907514095172
951.6965142351661
1114.4423199044475
1043.0857823529843
994.3818005958778
1086.7048267099126
1091.7242840839174
1175.0712015782326
1033.0669815277652
1100.527060679696
1109.5597626306567
1147.5417151925612
1103.367771767078
1106.8423291425104
1062.9264295913104
973.5990477537815
1071.2685394448938
1031.0939561612163
1094.2462005010345
1072.0167636881738
1019.0749549996556
1049.4928829319424
1088.758467824477
1057.4931607934868
1023.8785980619987
1008.9963192270848
1053.6663150889776
1087.9776512807746
1095.9002978004432
1124.3021941370723
1016.9417553586756
1108.8487677479793
966.4118487366306
1116.183602546822
1076.162746072256
1012.7970054195929
1038.82133705426
1055.9882197498582
1103.5173270214168
989.6523793569843
1111.3754968915948
1020.1828795934617
1073.6506623476967
1026.950470260129
1095.731543619843
1102.5024678784919
1027.4369348831333
1004.1400038320961
1199.3985515512702
1033.8003401874805
1105.5188905480406
1067.763166459266
