943.6794947892681
1117.8950123785273
1059.9493070917406
1198.9799737830012
978.9042139196897
1016.1908054726214
1091.371613069413
1025.6576102593772
1063.9365311339784
1081.9233710510368
1021.5743543245834
1143.4363795416605
1003.4125990972925
1090.2954247236225
1046.091723352827
1054.9862555487264
1121.0743335655748
1038.6455705164515
1112.2972604751794
1122.6375128381007
1071.643855212821
1215.1590038185195
1130.1483753275963
1163.2511528194461
1049.172130372074
1028.8783481846779
1044.0286507542621
1115.7045069636533
1127.3491140535102
1131.2388425845418
1061.9874813954045
1049.31993389607
1019.4370801766221
1075.5524215368641
1069.6947043209277
1034.4927932242672
1017.6452878422482
1119.7454050451724
985.535613703181
919.7281995023338
1056.1606103839592
1051.2612248905612
1148.663150588025
1096.1995974077543
946.3680282147561
908.278016990276
1051.1658844266908
1061.7628282829573
1122.6016821979179
1044.3370301012083
999.2448445781797
1135.848360500311
1050.4061382666948
1059.628108000682
1060.2904691910333
1168.1963741924587
1028.463545695664
978.2955021218146
1030.6374111455375
1028.717394190723
1065.6229621615744
1029.2778316353297
1069.0880515714307
1100.1093083197495
1022.2185876488325
1160.786010036092
1039.5230876146502
1081.4188707643773
1146.3393631457486
963.3769404642221
1117.7050572860596
1092.9414727384067
1058.3606766443613
1057.0606591241872
1100.427030944206
1065.542968473536
1052.1378370737218
973.6997337855892
1111.9742687007943
995.6276303123749
1069.8848217381883
1024.5032686010472
1060.8434351432688
1062.7844873968602
1130.7203237887725
970.8674334958863
1113.4933603161357
1025.4174015178532
993.6915535657023
1130.3449024884123
1070.7099614076537
1061.265841783198
1051.206984370983
1097.0953259493228
1088.7252900535996
1032.338562329685
1037.284991353927
1100.1476914286873
1002.961216774591
1058.9655342458489
