1016.1906918203692
1128.367674347678
1174.1656434217812
1073.059963205919
1115.1459959198742
1114.5442205195218
1123.965794112298
1092.6805964878313
1084.634984942534
1070.9397035755505
1144.2737560014714
1149.2602409372516
1045.5575497098225
1166.1019377516386
1056.39259355575
1031.2390985033444
1049.4677169959036
1107.1328418927496
1098.15254596817
1015.0382716430679
1071.9056279710792
1079.0259005369155
1091.5246854793154
1073.473519428538
1057.3680785888298
1104.556424403754
1001.8732316419954
1020.5540455519604
1011.2859265358604
997.2669385451982
1095.0666788460317
1049.8032986144044
1084.9753103703135
1120.6371811292943
1102.2941574544598
1071.3613117682767
1120.1712347344296
983.1212389681893
1022.0712856806316
1103.6412889023034
1118.345741147756
980.5877522037198
1112.628302831141
1132.985627450598
1049.643618942639
1049.1947484368652
1125.4137494097279
1070.0792877685349
972.0676799808407
1111.9757335549534
983.5290859198756
1069.2839522589115
1031.308060430053
1080.805274294177
1106.0491158182313
982.0278895375311
1080.1451641180602
1202.924096922232
1096.6320769698325
1073.047460742166
1020.7520131451699
1159.2737180003664
908.3240477289611
1041.7388828608703
1052.9033704152282
1085.3548955806837
925.1136611268075
1126.6620320941595
1024.0791757446632
1102.8993992700932
983.6178548471049
1115.4549627991478
1147.7887132167
1080.4944406186883
1049.5309887789979
990.8656124583792
968.1206056536683
1038.6062902121782
1005.5486521554436
1141.8098531054432
1089.6139523809402
1120.1265477638237
1129.7249850905282
1170.6475022569002
1001.2430551576136
1093.3142082921788
1085.4249790116555
1002.7451081109867
1121.7735008765046
1066.4457691430441
1009.1845607851963
1100.127344429432
1044.9429486392291
1067.545336868474
1053.5760497114015
1086.0267762042106
1128.1937902898358
1109.5758028432283
1102.186313689196
1084.9529109568125
