1130.8548257046812
1094.1454444764365
1059.5258620152144
1078.124515507384
1130.7582857398854
1113.9709168097484
1030.422874147089
1103.0320007376397
1018.3446030096684
1021.6886383624243
1135.2144214210364
1157.4375028019613
1147.858058365748
1097.0513396574909
1105.3028512010167
1008.549660644517
1076.5276631305105
1147.5196800211309
1082.9778713474957
1105.3550917821874
1068.1116184805478
1147.1299516611678
1059.3121601950436
1114.9542099174205
1102.0179978265019
1128.4251410307324
1092.6682148625466
1109.9678826677286
988.7636921658707
1084.7934160316906
1103.5807490925822
1139.8442463257572
1065.5770008545314
1020.2387341527182
986.1858123106648
1016.2233580692466
1086.9302394571125
1058.8197605368262
1065.0037413393889
1119.97246109474
1051.8384936880493
1078.451284781983
1021.8444422614331
1117.4919397072056
1101.5947533897106
921.136417821768
1113.4988043306466
1099.1756864719891
1128.7136953903
1105.2463059775885
1045.8057353049173
1122.8450911755615
1128.5440050474617
1008.4590260973719
965.5212636440517
1047.444576806378
1168.2079611748059
1054.928611871997
1051.4256085121654
1069.9649876130202
1044.4773241173318
1012.7423453387279
1103.929932955388
1022.1215627949302
1056.7060579894166
1128.9794700765
1062.3487036687284
1076.743127205985
1126.9052122793466
1149.7230072358327
1016.0442039012354
1059.294167625018
1111.9551325779892
1151.0949868295118
955.8990564163785
1096.5872652825253
1101.1980116984605
1109.3392024133157
1042.5924352440632
1083.9365891707823
1094.6773291277957
1113.4408466984055
1031.3088735906122
1153.6041484042803
1102.9454598051227
1083.297724861356
1038.2404355737788
1034.9456151288066
1085.6304748290822
1057.3560019983342
1008.8353756540305
1079.0930358729365
1080.5795394846539
1089.9949438950503
1033.3875593614457
1040.9829473916664
1028.2798704636857
1084.4130413730848
1138.4999065047637
1095.8172427544378
