993.1019933974633
1093.1627477832756
1077.6145563451212
1072.6980716627531
1168.5751974655004
1042.6870668205522
1049.6538163000034
1055.4643609331956
1065.1901281799326
1142.3154636889287
1067.6403088014504
1128.1893201831886
1130.828024670638
1078.221199948676
1034.8424243988763
1116.9379474261898
1072.4361947899542
1170.0039173500973
1155.109365516609
1052.384588010713
1106.7214730727387
1031.357814124219
1127.4194005201928
1128.7740502287759
1120.4960827175814
1098.9750854450292
1106.2955399581733
900.2401819754249
1135.2314736861172
986.8708555227715
1004.8358560155605
1132.3694278949833
1023.8801201988903
1120.4399652987172
1073.6020213665508
1156.4449831265326
1053.3414445634
1056.7678802281953
1083.419481337268
1156.4336092162287
1064.4556037812736
1073.2201628864989
1071.8657562486567
1024.7553590224597
1102.462194467204
1126.3422112169421
1034.792212538272
1058.379578767537
1147.4950155504382
1111.9553198004744
1010.1944261884073
1049.8833372400418
1070.3950886780851
1092.118608266828
1056.4841713143217
1072.8018946383243
1134.7980699370635
1091.560898866591
1035.2378958022466
992.8318008598336
1102.2326084056742
1051.5280549633583
988.9109047392627
1057.470004072402
1131.9565678957872
1014.7251199050233
1007.0157068633339
1050.7082290328015
988.3495223139398
1218.5388857776404
1112.7662017594662
1130.410364450671
1009.4709803661336
1022.1101689629531
1085.6833587252183
1108.186741082291
1085.4630473832513
1120.9349516095738
1031.9931508535099
1091.8305371812587
967.5515404773399
1028.8469481745628
1082.8586372078273
1166.5942135594892
1156.9670301897836
1120.629543377466
1038.0779122772315
1117.048261567209
1110.7990863080868
900.4316854366722
959.5933997495983
1085.6447739073124
1174.415376375801
1002.0310641458375
1093.5481338142363
1060.9852845562712
1090.9250633669142
1118.3231289435264
1176.3575802910461
1087.4101766967754
