1098.213742593721
1049.2387642315355
1079.834471192223
1080.2141639298973
1032.1880299688864
1035.8728410489637
1011.4952580584471
1061.836853194083
1024.5179472197358
1090.646202789083
1032.4120196859992
1057.2067383237286
1037.5659104717245
1060.6259858081276
1000.0479994810283
1119.5150526332989
977.0482650261629
1085.3791116359873
1144.4472687087246
1169.2223617811437
1146.1100746613447
1023.790141189287
979.2414099072886
1082.1499384451208
1139.2303176686403
1168.9514295990803
1101.3563963272072
987.7115416171068
1041.9366494637977
950.5541518244081
1064.146011357042
931.4635504294203
1084.659235518544
1100.831065722132
1012.86154878426
1027.9308051050816
1147.675436425549
1144.4109065693103
1049.7769772454412
1027.1281530451556
1083.1720440155736
1028.6387713345632
1136.9963549236536
1058.4626604470798
1130.7292029170742
1010.4156008716565
1141.1900724966672
1074.4944909563883
1049.1734591779777
1043.7957706865088
1131.2591771777686
995.9912502213682
1061.7775653390293
1134.4403437347507
956.5115463749598
1124.9132314125732
1141.260106257897
1079.7822887933028
970.3089058277319
1055.3675172309208
1014.6113829214346
1074.6930754690693
996.069445753926
1044.3907263282804
1111.644008554489
1151.942706097027
1061.928883010336
985.7026662212462
972.5888226341746
1010.786021727384
1097.5492903287768
1004.7257827518556
1058.1695813165977
1005.8380919570707
1072.395300660666
1110.6653857955719
1064.6173291269831
939.5704727768733
1113.5952674518421
951.6533836037972
1137.0412214978326
1110.2366916478622
1094.0716668652276
1080.856352370519
1127.5109750840625
1034.1122704435973
957.528946984055
1089.5527236762211
1067.975819474695
1122.5371176547646
1007.5958729446974
999.8010561481519
1169.9979778076865
1064.0617180207203
1052.9033902628828
1103.6024732626868
1061.5853825861457
1150.1858757734321
1089.0687494609904
1057.531734580234
