1049.961705922127
1108.4808196894762
1074.9633336787422
1045.3331960593268
1036.8297773551003
1070.8146173795426
1062.457288093186
1009.4218452696114
976.3097736247435
951.8339901821344
1121.757855417077
1051.0331728800136
943.3251031144729
1131.712711142299
1111.9689141316758
999.841124971803
1030.325951001088
1047.2717627367397
1083.371633600958
1032.1513179493363
1002.046634928727
1064.7438463877734
946.6449601558521
1215.8419118330405
1103.4233046000704
996.5034258202872
1108.477435076215
1125.4771892398414
1046.6506682498664
1197.1499893390137
1040.1998723469906
1134.2555345541812
1150.0105537981858
1005.4229847184408
984.8826472827716
1108.340653915836
1035.383973424746
1143.520095532117
962.19182847553
1101.5421482550394
1059.5584961337254
1048.7488009037813
1045.8312544105443
1123.5472294654617
1032.0006100691419
982.8446834570917
1090.952447776194
1079.4025054387716
1102.6760882372807
1056.8755399026456
1066.587258647823
1012.3695148839831
963.2053817775706
1091.0563993987007
1027.5375872035843
1111.934999094035
1090.9033056377307
1040.8604192448674
1022.3528683833752
1156.6674778411414
1069.2763937950542
1008.006566960277
1028.8680818437554
1119.605606441682
1105.2160347414404
1109.2991852671407
1050.3472437998018
1104.6656829548024
1105.215222965977
1079.8310953298444
1160.1218523643045
966.7098060024497
1000.0771759373683
1049.6769131635028
1109.5863480573676
1049.5821567201965
1014.6813128244793
1087.7569511421557
1087.6323692565638
1123.963641253596
1035.377792772928
1076.8996097192223
1142.254685946299
1035.5977895048109
1053.5683192522154
1146.9799113982663
1007.84050386104
911.7625246281374
1046.6470625446868
1030.1703663234962
1089.3294432260125
1061.2985895417876
1147.0284616935505
1122.32476918137
977.7314415786002
1057.3449152208032
1055.1836155014703
1041.779044743727
1042.4845005178724
952.6572976142454
