1117.248536119859
1083.4965794898594
1074.2283596953398
1017.834306854339
1110.2834052969224
1138.921999383629
1071.5896130354126
1131.083878821103
1071.616666721558
1138.2972691330356
1101.9253078258853
1121.3776778175147
1177.0118385075912
1136.2219337304623
947.2189354016853
1097.16775846165
1052.9360454692371
1096.9851053338625
1086.334160570823
1089.907781881029
1148.879804287287
1141.8951676469442
1109.7241435147675
1064.1712631016771
1047.6546148363154
1073.63856655214
987.4763182430618
1139.7726818510382
1021.071374214785
1050.0314195629956
1059.953510409659
1124.5024734659355
1063.0108844803704
1112.8312669501256
1091.2056388810367
997.3966083676145
1201.5479676656025
1094.9063978358172
993.2632881064692
1130.1155503432403
1089.985320450888
1076.756404926117
994.9024754647237
1086.4323301973861
1035.7445474348551
982.9247588890855
1103.1319536363658
1043.0133149166127
1119.3387973942329
989.631962785476
1048.815807358187
1132.06624118473
1036.3700323563887
1040.30784853983
1029.5880450879058
1117.0735060917639
1070.389641733872
1087.5353865331347
1096.6198986388845
966.2485353266061
1122.2224245570014
1125.4590666119734
1142.7973753265435
1113.1644523714972
1069.1386778466656
1070.390345784055
1070.6588218382058
1066.2015466804728
983.3299435197754
1133.28968368788
1130.3591448316633
1119.8878340253873
1055.4112014238972
1070.26673507006
1053.9208077496887
1046.5390615956856
1059.4445983537516
1020.3940682336681
1072.1868598488252
984.8991563164343
971.5666424370005
1048.398666545784
1133.560083619044
1124.5823005570828
1044.9163550030712
1090.0343490516645
1060.530275942688
1113.9334008512092
1126.234228756251
1054.5856290796924
1115.7911697656634
1075.3251690394
1110.1025446374085
983.2596494928382
997.2706360610168
942.6261086661289
1030.0865278056644
1072.8901427493854
1073.6411497127103
1037.834718572421
