1135.994596912164
1089.2316704178618
1129.2866038211448
1221.5038382871335
1140.1120443577292
1126.3747719909634
1051.0455459582697
1074.651467738038
1125.19663509284
1193.6185835177682
1121.4404819972094
1123.7596162322063
1118.1201814843587
1199.0758913508876
1040.5493038585544
1135.4370972260867
1008.0591416764989
1093.6406564978734
1113.1328648561687
1069.730044868106
1194.3052055513222
1131.0765162463397
1162.6848345517956
1136.0634365387286
1094.015182163799
1074.371640264229
1178.9062905119515
1187.961471797553
1160.4150141110056
1108.4195924113026
1083.1564702308572
1045.015020436575
1177.9888815954407
1195.1331166496334
1197.2407856146015
1201.8121933597934
1056.1840090232772
1020.9729644987083
1057.9168864512237
1202.913305538416
1122.9605855896227
1090.7965180921997
1105.4244477370016
1100.0933118450514
1085.4506264352742
1071.5467685478623
1105.3788744089716
1077.4609063766827
1119.3002753441178
1092.6656106799278
1149.547328894076
1118.296605963268
1201.465155794251
1151.4884423413698
1141.6154218144247
1187.2795911049504
1093.1103051635798
1101.8761789921202
1201.6519466894963
1133.6983222985803
1092.454997877108
1116.7544569761442
1168.8487631992357
1181.6181032566813
1023.8167234890008
1105.422628528857
1095.628806260008
1115.9603452541323
1122.7693926889044
1130.7302691852612
1126.388193784654
1097.1053896659866
1111.9989330149751
1056.6080716576514
1131.2351501995465
1126.5153511218152
1067.2737888022825
1092.6672613679214
1084.7185150528442
1065.259624535947
1083.4684057905058
1086.6628813716775
1178.6252421691966
1168.2895001332142
1089.3983796598832
1177.933183886832
1209.2830183958574
1051.2840795012721
1051.414826850436
1147.1719274987913
1202.8520164290721
1024.1520990920176
1139.0510593486933
1105.4430980005448
1091.9378729662994
1219.6254635720059
1208.7759756049288
1130.078630569201
1161.9031865741488
1131.8494492614832
