1038.27460415683
1126.2789687488971
1120.0738584206724
1149.888315384917
1208.765960413575
1060.8096460751117
1023.1836507918084
1127.405123927505
1109.216843174633
1074.5347725142854
1166.8141978652527
1237.4731593580827
1178.652751195673
1226.3912092810365
1117.967852278706
1134.2324033107323
1160.1423187480445
1088.8174675296088
1185.4810370387777
1095.693982935258
1112.0502085970772
1075.0565876747812
1133.2775919051812
1036.4752128910466
1152.4099987879595
1073.7440317931198
1200.659581201574
1012.4394147006171
1075.325268875104
1107.8460796206136
1149.9097482029529
1136.879519321117
1191.419397656163
1098.8823054165114
1054.8232809654671
1157.466841168497
1145.2313854975066
1102.5538242101343
1073.9711014863753
1169.3474477605162
1171.8411496015028
1139.0625177017782
1045.991559249043
1066.366143892059
1056.3729109738301
1151.252895839286
1106.082122904763
1122.7327747713457
1063.031337949972
1084.6902691547207
1176.0145953569127
1197.9234867759608
1198.0235840158098
1137.0649198918154
1186.0798652664505
1119.3360577850733
1163.7588907058298
1143.7836871176585
1156.5366330045874
1210.6616245742985
1195.5376426987777
1114.175615459709
1156.1501954675646
1139.877336280105
1064.3386460279037
1119.2638929290267
1096.6997511452694
1092.8341286027837
1095.0344721664032
1135.414450892574
1133.968955185596
1072.7316124166432
1171.6298674912387
1066.415595251089
1081.2636141144696
1135.1987086913443
1156.5071722342275
1170.7305054078643
1138.8298928956676
1064.0591807803255
1144.86824715413
1027.0927333659513
1199.51953899203
1121.7201768553502
1142.337778075153
1039.9814884970322
1042.936698442134
1154.1280536014315
1123.4091955386903
1128.5842236025567
1019.8834822485362
1073.7112194103709
1075.9384058238816
1128.101157294362
1067.4556144024796
1050.085667032615
1141.1265450324422
1139.0706077591703
1192.0761734826694
1161.3724702321624
