1074.5658590135877
1098.5215858590652
1066.2205569937134
1066.0551787856464
1141.3697490944473
1130.8023863352648
1204.8732981439998
1118.8699605691156
1177.3941705752266
1144.491418169921
1144.0331040119745
1116.6035289452338
1080.450174212687
1042.444866296072
1004.8607675159539
1097.9130331773595
1155.4637307753108
1067.4341334047338
1171.580573759618
1218.8797866042037
1109.0940192870567
1137.4855488411117
1132.7932794587525
1085.760356000306
1139.979191481124
1081.4079812816567
1089.3011455341798
1111.978419191455
1144.9423915123825
1060.2331383796695
1140.9770771175959
1099.1072714823654
1132.8543537813975
1084.0471819126685
1219.6913135638438
1222.9154674986069
1118.5398743288367
1101.8244978990408
1141.2981020633763
1139.7038889407856
1140.4216072634204
1105.7234856235355
1075.2898519830012
1087.3719208644743
1148.6367906275968
1139.6020755422417
1152.1997250338318
1137.481744602949
1096.009014344584
1171.2070359495888
1099.1471750602345
1168.6450361772834
1159.992658498186
1153.182617007397
1102.6724291510975
1140.1263440091504
1099.0865220331896
1214.3941503336405
1212.9668106923643
1025.950227932335
1170.1231352975697
1206.761192882178
1094.3617583833059
1125.2990296431437
1002.3320323166308
1155.4123850506487
1085.9118425990032
1166.4557791617617
1141.6230555623777
1138.1908645000422
1014.1249908691534
1167.0246252246304
1049.2539390157235
1111.7060792483842
1131.3537446554178
1174.537065030962
1230.154881350724
1144.259450965573
1158.0193116498006
1103.6387878013893
1153.5199529462113
1077.1535139334396
1177.665207919754
1125.3089184152168
1138.09433852398
1152.2040684443
1117.7187419984546
1153.2000429406082
1123.3772598849455
1085.7853396347846
1169.4442247751056
1109.7289710501739
1169.673559180783
1131.512201520895
1120.512932525169
968.5295292015485
1133.0770937446603
1142.8448080617259
1216.371471247012
1107.6633233340128
