1109.831240479396
1108.764696199464
1155.7730513262295
1076.5753689542473
1105.7951535828836
1091.5048833981689
1121.2983675747473
1166.6787199727064
1152.8543503835735
1104.6303435002706
1198.6718335059227
1109.3617065311869
1078.508999067348
1120.3905295955599
1105.9494333664854
1220.5400030525593
1084.6462786730185
1034.949443142589
1180.843824678715
1067.4001826524689
1130.0136885757076
1164.755723588507
1003.1354827545042
1083.6441389472448
1214.7098077418211
1119.7770050922618
1162.6706067465257
1089.4710222871981
1113.2615127565646
1166.9876116701741
1067.4784574346636
1217.677837537113
1184.2804949586346
1146.9388363786206
1151.6730523640435
1035.8326849515297
1063.4410737007195
1188.282146579528
1068.664866241614
1263.9687366482824
1166.4429426050415
1177.088823689036
1018.0142452956477
1220.9503793863278
1221.1598766923373
1150.2391428145725
1141.0659341846556
1031.5536839637978
1081.5277400699617
1106.818538607226
1186.4193445908945
1195.8514181023938
1112.0665831041238
1122.2663711914836
1156.672574418699
1144.675317925223
1100.02630394465
1192.2883569828457
1136.921522339637
1077.8852452224496
1056.7910338471845
1131.470343743526
1185.792084909276
1108.7785994242984
1154.6673400798413
1143.2070680635127
1042.330025269202
1170.9701166713076
1087.0987598488973
1121.891536132095
1115.1978988942687
1188.06494336192
1071.4479837411989
1092.3606693226766
1138.5828993724303
1174.6465019574916
1111.995919800262
1143.936391878247
1114.3160314220875
1102.682090030275
1254.5504024940856
1109.4953418379384
1118.6932483361945
1187.2155262749668
1192.3122560466081
1129.8889001982322
1183.5344545044381
1117.5191292112258
1045.7557472582732
1072.607598542231
1205.9210649815486
1182.6845387228302
1234.4418660824945
1111.6773896572593
1155.2436719540963
1173.8064397726826
1037.4202733850302
1098.8966165231284
1155.3512779172247
1024.958997540162
