1195.4226441096396
1098.7729146889228
1179.2170610498492
1148.8644602488555
1106.5995999159186
1235.0837007625357
1119.7145242187162
1121.3311521536139
1134.3662742749616
1044.2813022306846
1147.0077339524196
1031.7887425055528
1122.6304984597803
1214.665405492171
1125.6596050652242
1162.3974346277548
1090.6980807222237
1140.0747909975175
1153.5677153874103
1127.8268876188474
1132.7731472851399
1067.7641154963444
1164.6281755138853
1087.3658622909759
1149.0764744456044
1212.0833952388157
1166.618761858983
1075.0768852461963
1193.7550287786864
1138.8519979780567
1149.9287798491762
1071.5664798667617
1119.4534328779118
1103.1725902486712
1100.9678867916768
1125.910267504024
1087.9464263601599
1158.9662146537228
1223.1293460067163
1253.0811427908689
1120.4082810348214
1052.3048343287435
1092.876087292602
1107.1306991782687
1110.4239261476666
1091.2198586005222
1166.96970514702
1120.2860172741512
1198.3826573561016
1069.9440362233
1149.7295376943662
1173.0639221584197
1145.7101338018797
1192.275198437224
1161.056535489338
1094.268837767894
1062.2519932266923
991.5511503617973
1109.8414897558155
1203.4594352596932
1145.7909497651328
1098.6218438321878
1077.6942707416104
1097.9617635379698
1089.7301876890292
1159.8757311438098
1140.3509360745686
1148.691997131168
1123.9851532459136
1162.9114006392679
1096.027624381858
1147.7507807959066
1241.4672646761903
1065.0441118055537
1118.417250218228
1122.9622076188843
1130.6425743297239
1066.3003861154164
1158.4116984942007
1218.8147934450694
1069.2141877450756
1162.8304705319008
1022.3577141420366
1083.0556864693178
1098.8581637613217
1206.2487394504894
1101.9572031471105
990.9849186496991
1084.8011190513703
1132.8294106312878
1130.6881083498092
1120.8571246641252
996.6898716617337
1220.162427868889
1061.1511019408827
1130.941888978884
1178.9566136808983
1103.1103732278787
1108.9842362785635
968.5107724610932
