1080.6792419632386
1127.338975237275
1109.2243771082522
1089.4906635369134
1107.5192339030611
1151.626787315794
1104.1697902467206
1247.62249557159
1074.059129890079
1181.9677782325855
1126.9935121777962
1131.2573016898712
1099.7177293883053
1125.5476823065176
1217.9924179276736
1077.9390573815297
1119.9229106644977
1171.5413136527784
1204.6940308662047
1184.6612603872848
1127.5393311612725
1059.707472292142
1136.7514101357335
1155.0579677977662
1098.0818185499259
1007.2726481156858
1024.0629370477575
1152.006399230896
1137.4631568424536
1089.3978803803031
1179.784321505922
1107.164467280296
1158.7796058102215
1156.2045901605559
1126.6491691083527
1034.4426244820058
1211.3018810128194
1213.0144959852696
1157.6350246504614
1059.1976298518475
1101.587748960359
1167.7177412128979
1059.521538518654
1155.7460054478827
1227.2294801997537
1155.7991171919698
1135.8873656818014
1047.7208555971677
1078.6972873641444
1169.7358799236154
1120.148403072507
1037.6807969557317
1050.5672081478333
1143.776773630826
1073.659724479873
1095.5012216391287
1149.6280692832202
1080.4981662013815
1086.5926104835546
1168.0742575527547
1118.009075889463
1097.2735950582278
1122.5675400052291
1150.792666228167
1185.4085512486483
1258.6426632193059
1125.221532648289
1113.0656263034625
1146.0148481141548
1037.2818787774404
1046.8727478112846
1013.0892035435373
1212.1445748736721
1070.1983774673542
1136.8159047203221
1092.860196135306
1055.4734905298321
1124.6333787344502
1071.7476069860109
1114.8082169973475
1155.183989216962
1164.1362523276748
1234.8509017741692
1083.8717756859937
1138.322588859141
1144.6822799589584
1052.685382557079
1123.989563262024
1086.0217506948266
1135.5049150412149
1154.8578794119624
1171.6816105838343
1193.0601829541297
1132.2463409286688
1087.2724759571638
1048.1878816678836
1172.024742835629
1120.3565964026982
1173.857818726955
1113.1842353502004
