1203.5062432653938
1170.7083992411087
1200.558925571132
1145.850113452294
1089.9800518226243
1129.9704670384212
1157.917589391854
1139.9943668668836
1179.711074675053
1170.8700550681679
1073.550605017442
1129.330510079127
1094.3344995703007
1079.6923461399563
1122.5290751285659
1202.3124117978728
1152.7948430567305
1097.46159174765
1180.5167982558685
1048.9911074400893
1136.9224410543582
1133.7717460803017
1072.1970387404353
1191.6944938545603
1143.687423752674
1163.6794918850799
1064.4045424911847
1111.3495216994927
1104.2396319067366
1187.376723530908
1198.0980511118653
1161.9294713339568
1225.8703090103977
1159.1713784599015
1121.5571753654901
1131.1693263316256
1114.1764991352995
1138.3593844991294
1060.1473424931498
1179.8891367308263
1157.645787709816
1145.0758158558806
1086.0699626991038
1165.4112508142882
1145.7253786167566
1139.535518684458
1123.3642476270984
1126.5556765649967
1182.7011430926352
1093.213084507551
1150.1638917411349
1130.743596077303
1114.504783002026
1182.6882134302632
1218.2505271309917
1097.039468796238
1042.8171316846747
1157.855143467971
1104.6398457489931
1035.6698654051008
1097.084372574752
1121.8376103754647
1183.7504059306777
1253.3509213204
1115.086249482779
1188.1800249959686
1098.73411818617
1125.0974960782542
1129.9280125896387
1161.1348777026587
1086.34386747108
1132.519501485005
1183.0700417990097
1217.729709131942
1123.5345562617485
1166.329215692257
1054.0626680962312
1204.8377645890657
1157.7924254711434
1173.7477731376637
1152.337310176525
1048.008960075851
1087.443800058447
1054.1630024500516
1068.7820407889546
1141.2006201952088
1158.4242015430152
1112.3537509134746
1128.4454314277261
1073.7564005034174
1238.3090194699203
1174.2750950066559
1117.7048747782867
1155.6023616410043
1098.7135801894592
1094.7976305982315
1226.1945882951254
1055.4457285817475
1109.2375148256444
1110.206676799278
