1202.5188348724096
1107.386346584254
1059.0128295076192
1058.7924129645776
1030.0792491978166
1150.9533352852022
1158.7289508672025
1144.3302877979986
1043.793891880598
1050.8387109198777
1112.7952401561172
1165.0347821182822
1082.4738642244865
1173.624340044918
1165.8237124009768
1160.8268822475686
1147.1984223971854
1123.7642964761083
1132.2955244057193
1106.505801313991
1093.4147253290355
1137.0412346790358
1183.3450590082173
1090.9281097147748
1163.8034713796537
1193.3538821987195
992.6936405111295
1090.4741690390588
1183.6507634777277
1139.4282967253166
1096.6159635177755
1153.669748257979
1077.3598263850836
1141.2043055040756
1072.2230556884267
1106.6657349619727
1124.6318496433478
1040.16750103638
1100.5604186281969
1185.6599253516154
1204.6870415154901
1197.6155200547291
1093.139348014746
1133.6004154398481
1072.3897865432502
1082.1589863245347
1169.102792434569
1104.7779716586244
1126.792290454799
1082.759275620033
1111.6751611683333
1090.2429795663575
1145.3062239238238
1036.9636231325278
985.2075776532416
1146.1582162176105
1117.4182867792945
1150.6214433094888
1110.5788515998674
1192.353241628617
1137.8248673959413
1139.2821376684105
1194.6554023659562
1133.0925773728525
1102.654404914482
1114.1189587056297
1158.5291698845265
1099.2400875687647
1105.005148547377
1181.725408142713
1093.7921232240055
1248.1933824395771
1128.1998743898787
1073.6944922620396
1117.8622235802948
1118.1859350646544
1147.0107915014012
1025.8419707202202
1056.3406253248731
989.9403997207153
1053.4875242041196
1126.183814238613
1146.5233572692157
1013.0671675959499
1071.2380137390426
1111.5482822229706
1086.644171372803
1213.3758351883725
1177.5558217775936
1119.7640018081327
1145.6532567944896
1180.3432685206199
1204.825851421097
1143.0555430870213
1132.2900646050205
1114.44661924831
1072.0630395868468
1065.383462831852
1187.4403540084302
1237.9692036051772
