1232.7553824985805
1165.5960058946898
1134.5711462056154
1186.1036689433836
1191.4791160686684
1111.9734838799905
1246.2612122701387
1193.629271317488
1062.5564959572648
1181.9369018598713
1158.6175985323507
1145.3027476243506
1147.262064321465
1221.158957862976
1135.0649161080812
1183.2269549048494
1118.2784205916853
1117.2630458846713
1138.9259115006794
1123.1311375001105
1143.5605148528118
1177.283279179181
1134.41497468985
1084.6122366299526
1150.233152962899
1179.3580228530525
1148.679215666147
1083.1809374704362
1170.7695953888622
1163.8321659533126
1135.765618544257
1166.3460876205804
1127.8688568141106
1181.5187693196858
1130.4633493147755
1171.9172036277935
1138.822418692605
1078.6463548947866
1103.4031420847873
1176.5180024392469
1165.324176117419
1107.8242759669251
1117.4151148110557
1159.1594701253216
1140.2133697691934
1178.852442427258
1150.4297718114499
1176.1677791010318
1204.0828164928776
1174.9118049454014
1207.3788623732883
1168.810262444683
1173.560150105687
1165.3044491611388
1226.4236692856427
1153.4654239189472
1185.7805455624557
1182.681362663019
1153.3711303090386
1199.280105296168
1190.8601677139177
1152.8489208368417
1153.0397563269569
1166.9808480473323
1137.454793341795
1110.2582445110527
1173.283849051216
1221.0062553469966
1141.535970130152
1210.4004420649885
1165.6472745414271
1178.6829458325658
1120.7960645298076
1127.2384782986328
1083.3237332933693
1160.7826843724142
1094.4402738331682
1129.1006704190374
1158.812875548484
1170.2487523721175
1196.2085342235116
1165.1101470771362
1169.1785497573687
1228.1681182303807
1157.491850008005
1173.708110097047
1249.200341178204
1167.8116919785516
1119.9287879026847
1160.8340449764928
1153.8010461577073
1124.7958153539146
1139.8590396170223
1165.391458609613
1155.2366879541528
1120.856200945384
1107.3167570629157
1096.3429867566929
1178.9013412356421
1181.297037271941
