1216.3030511932218
1094.8431076277843
1206.8250660197482
1093.4162522082568
1166.5007876347677
1102.7994628843824
1113.0895778860536
1171.4464561134896
1157.6429409169361
1146.8705312795087
1168.0173573900954
1215.2766107630498
1111.8765891258681
1200.4557729494043
1035.4125286957888
1130.7990586539408
1135.7748067638267
1134.187629716448
1151.8906956501612
1107.4576406265396
1162.4827814745101
1139.567927279942
1195.7521538118226
1179.4004755545457
1153.7033688433733
1109.3478156654062
1134.4825362168913
1181.4383948290551
1134.2532450960387
1148.9157001832064
1228.4667922813655
1198.81571203393
1141.984332672371
1181.7626323568577
1174.6463205228185
1053.3455993161092
1092.763549296387
1174.7335350465348
1180.8049948478579
1170.3848588301614
1116.02709598798
1122.5080244520152
1179.2196698772493
1129.1870540320524
1264.3017906312105
1124.0506649719687
1132.5787160722775
1175.5260345860095
1072.6764491290223
1159.368234233582
1124.288773923874
1071.6463273340778
1102.527500294893
1170.7262439559897
1204.889943007288
1136.0844487362647
1206.7119458168893
1125.577027302015
1100.2814039499685
1215.6490927954724
1165.2328833361764
1122.8526734131974
1194.927822179966
1069.0887268752253
1176.946685608588
1139.3681306910612
1189.396052040369
1146.206382968544
1072.3745895399522
1100.5068707968924
1190.022344128272
1173.260350284604
1171.8916438893398
1087.5451931269474
1199.890600887242
1038.6175755482986
1129.835487024149
1083.2545268461422
1174.9365168221268
1085.2995940281562
1173.5550893842371
1098.82551519213
1163.695596702616
1105.3490500136566
1053.2617290192704
1191.3815077065794
1128.2973242994
1190.4297687240914
1129.1507955937188
1121.194173786282
1211.8802718273755
1152.2428494515266
1210.412309106881
1177.7587232827873
1106.8782558532573
1217.8297695531771
1133.5091014427828
1115.5791044897314
1201.18114982045
1198.7974001601874
