1115.5390488833484
1224.3352182769377
1198.0085893556927
1064.3410149765764
1135.4921712317698
1196.5117842209115
1195.9056479296887
1164.260159720152
1149.1394256730553
1172.0835566653532
1162.757155022368
1175.7762685613425
1158.8506498453262
1191.3601548043266
1177.4395625075251
1131.4287175601385
1173.0617571845487
1132.5804991324292
1100.304025631388
1218.7238994942186
1213.3685080514076
1181.652352499683
1169.6464504859123
1195.0123641681569
1165.9498527854707
1116.9641377624523
1220.2357555500062
1055.9058132378145
1158.0543918287804
1168.627027480979
1140.6057023310573
1146.5648971154233
1111.1496971587867
1154.3448134714367
1170.2548277796288
1212.684024981564
1174.5946795329992
1123.0622495415837
1235.7321939732017
1130.1604852918858
1164.9859214434816
1209.6493952882213
1201.1609456232836
1126.9063593197761
1137.1392089909803
1239.0764179577197
1180.5747896821788
1143.4832958047862
1106.2801014780903
1092.677476588741
1148.47165224731
1223.2133781914113
1131.7409190290425
1124.5205178161643
1176.6649529116899
1169.5611464903639
1175.8072965062931
1161.3769926615828
1148.0600724383967
1184.0265289743675
1164.9261281630713
1146.7025269406408
1211.3864401110081
1073.5923075734727
1122.469777306524
1221.027459585715
1209.9251485396082
1168.4172903172087
1141.522657814382
1150.807540919543
1163.9295252954619
1236.8105180234256
1176.9005431159148
1133.8627875802176
1137.587135507114
1158.127377896324
1121.7297755856825
1159.0075530253193
1147.8514893259116
1154.9962927208044
1227.2003705150416
1161.9549899742603
1139.019145188874
1116.8845852458353
1167.6169869847813
1232.9429234106376
1205.5438175399556
1185.6368532621627
1189.2953319190656
1229.373635605635
1126.0583686815248
1149.4815742498242
1149.490693072463
1183.0784897290666
1238.7852675673628
1143.3920753892212
1157.5676449049538
1227.8305042767006
1135.5859133692713
1102.247113563403
