1149.6543750718927
1140.7357129836269
1146.486763516465
1197.4848877816933
1129.4477262283933
1109.6677699189859
1130.809263247524
1183.455356569261
1147.4680997036924
1059.5238431145438
1089.6151948140046
1128.2852248282181
1152.4068862513407
1181.6495235315588
1084.303696406712
1082.747960816042
1090.1752209400759
1150.4208492147293
1115.1697446242435
1078.6079121654402
1085.1360598167637
1165.363664761222
1090.9907508598171
1143.496928187311
1182.984139595903
1181.7106857387387
1089.3006762536454
1108.6644582636452
1132.0491055641367
1161.9776685240026
1125.5984493764927
1166.612343733234
1115.258829779961
1172.9084658537756
1157.8941359011828
1131.2072441570883
1157.7794489716102
1158.432061590547
1097.7732003141946
1132.8687445313567
1184.6272234860878
1113.6097298446982
1135.7935508774697
1094.4447633786367
1084.4426621606008
1142.2429163163984
1158.5211421588908
1096.087119255972
1137.1932389910532
1095.280963395372
1110.1163655382495
1073.8871405872665
1066.0356117634458
1075.8117141634384
1167.9046812198708
1189.3946579480717
1079.7247034408058
1096.7248266596966
1074.369930859216
1125.5769364110906
1100.852011469295
1165.3317455944245
1177.167930277848
1131.0337107705102
1130.0065643649054
1082.3352806969
1141.348384646511
1157.859297390607
1118.3896394736835
1171.3985852569008
1165.2600379127718
1192.2936888330896
1098.5998932325722
1137.777742611351
1104.0607268888295
1096.3461878014211
1085.4895370914965
1106.4888587587232
1083.0202865789588
1146.300370465041
1175.113108081299
1168.3859144246314
1169.702928259815
1151.090446605026
1138.6561886710692
1119.3586538893599
1131.68695621023
1092.2352908244065
1156.3358755033714
1026.249687275498
1086.0351755087308
1073.2878672264424
1104.554616339876
1121.2356349084055
1187.0257939621958
1099.2749181505985
1174.6717896563116
1165.739211253536
1112.1923407813235
1144.7596540956054
