1074.8669034070688
1170.7159437269459
1094.4516558362095
1108.7364052378036
1093.8321811842122
1156.225614854741
1123.4056482977196
1147.5421753733501
1112.4985721988473
1139.414794649844
1098.9810560753465
1121.405721692362
1117.299825854218
1104.7440454105467
1135.8920461781747
1109.6838610738255
1150.4684981605524
1092.5844488575096
1138.5646336159346
1168.7074867906842
1144.6718171445223
1066.517310597422
1075.730369525601
1076.1311208281381
1141.2721004691377
1133.4755600722165
1070.8139728428898
1141.6075809049541
1146.8095140257694
1055.184826325028
1081.804879786907
1082.0039803479033
1178.643860995667
1088.0360583141457
1169.9094586161532
1188.9779152709727
1146.1631519714124
1174.059998735199
1172.7875711242716
1168.637481975153
1110.5455863209409
1133.8102194102466
1143.49613178596
1150.6016760343841
1151.2138136548563
1125.439128620077
1127.1332141665505
1094.7800078461753
1103.245621886347
1112.1257040132007
1073.9172199406926
1076.5447784487276
1161.874075094122
1180.7839665063077
1167.6035978084137
1088.5773041582704
1157.3608711691147
1177.89413716333
1104.8365641183725
1138.5180399065634
1116.6788032006978
1106.3720758136226
1101.560378973117
1152.813107060146
1203.018433918672
1140.518371911195
1157.8031564705564
1141.9250656072172
1165.1578191519866
1124.3687874298523
1095.7121106614948
1105.9001672449253
1120.339223852495
1081.5743321949033
1114.013977725872
1137.2361130253123
1150.2535268290223
1166.3972360432092
1124.9199484025526
1209.6153223321016
1085.7669762155015
1176.4799163303553
1118.893369699048
1135.0887044322587
1135.190201617712
1064.6238567677192
1159.11718598157
1052.1029459759377
1084.9817730811533
1151.17269829503
1126.8892785587218
1161.5990337245348
1093.3259240369528
1117.7040726199536
1140.3867967782398
1184.539387578044
1159.7428788843233
1155.6590552481014
1186.608974126175
1157.8074425364669
