1139.5219416400564
1141.0900101269133
1204.9535916175705
1172.9219305959214
1173.650588998928
1158.673114084746
1143.3524870413937
1138.0946778937173
1146.577859689921
1146.005328902098
1142.3937770113691
1100.1250776276675
1099.733161771622
1090.6699417279897
1124.2124081879267
1150.426751228745
1153.8137626781318
1142.3156662776773
1101.634395344509
1168.056296479471
1153.0580782000536
1125.718633607604
1133.193684261805
1103.5842160119582
1229.314453427107
1079.3266307169974
1094.866012502168
1200.36719062845
1157.2434869053172
1156.7142608425672
1125.6747527555035
1147.0644829886016
1142.9337279686135
1091.966875507274
1103.1225003499433
1182.7118339834362
1135.1611889745327
1097.5544604225206
1139.1046028825172
1126.495722889198
1163.5870893417846
1121.3348047196966
1146.3492876395799
1101.0229730403423
1164.520208010414
1194.1785568248347
1137.6256093302652
1196.8282880969473
1151.7894267648473
1155.6941037304466
1104.9929435935464
1130.746421685858
1154.7498796839136
1135.6053135407487
1202.2596848443088
1112.4980051839448
1161.3979947839225
1184.6759361932736
1082.8070446342294
1085.841920398526
1125.4789923572991
1184.9385120401864
1183.7655880234852
1163.788256517287
1123.5335907195254
1093.097725398171
1143.751107040986
1151.6077637476471
1059.201466217301
1153.288140750017
1183.199944746933
1075.4420206522877
1147.495659146635
1184.2817857576506
1202.9157238448486
1077.4673842064317
1096.6376639656191
1135.3134238260145
1132.142754269671
1131.9384601507388
1142.9072462542958
1138.8472982891208
1152.9083942333284
1126.3497993874334
1103.4403356774574
1120.036208322793
1092.685752183238
1115.242308936779
1108.2878276700708
1127.31828980844
1116.7499565144074
1119.1098449732317
1105.0267892948548
1147.3903027923373
1106.0201654164466
1135.0771470060395
1134.9939870479698
1118.1754206976684
1181.0154039192066
1114.5684721497823
