1159.9133909788193
1182.3795271263928
1200.7074541781549
1160.238845912077
1085.0001153595108
1191.5189505162575
1209.2380684852426
1113.8235540481899
1149.2181522037754
1178.3053850553445
1102.6900863469975
1139.0211695653609
1161.9058370967027
1217.5775153806171
1180.5229147945847
1149.9270411688028
1214.2179310190174
1146.2583115748582
1111.5486155625238
1214.3168184112074
1195.2790204520004
1156.4835489942116
1170.2612887249384
1157.1710188741151
1209.9908652452955
1127.1742736916135
1140.9704300350108
1168.8432737749324
1185.394038279095
1092.9152434787632
1202.4130595841907
1181.907252460066
1209.5806639097086
1194.595366784703
1209.4878449496182
1147.9641845406065
1163.3980339433283
1231.3390107887576
1086.1030092307092
1127.6464015598876
1224.7611407460593
1128.4124434854612
1145.2280068693433
1237.9947603713647
1174.9057590080986
1148.5450515108125
1247.3822076542504
1134.551335097298
1149.7584887205562
1132.4726661631814
1213.43502635351
1134.741678102201
1151.344104692814
1140.6292210161914
1088.9847910269857
1086.673340194824
1132.8374081787595
1132.057950953467
1149.1443042564142
1142.4524050899006
1068.3800247973556
1184.0284545457814
1185.7147226100208
1108.7000309225784
1160.6241370634398
1089.2258974008191
1113.2409853124366
1154.4902242866929
1138.9272768238652
1181.3637816120838
1137.4086314550043
1162.6387524513016
1162.349231577231
1236.749208788097
1160.7561611387605
1200.2455524497602
1053.5003672673013
1160.0507003624944
1138.2855288960534
1200.756837409389
1180.069309699201
1138.951525867545
1119.132278976532
1137.6460696362192
1144.0001122025665
1124.7059417769606
1143.603137412746
1139.2809925458726
1207.6463525147315
1176.137675526966
1109.1785002608817
1134.2967702815947
1145.2156656434152
1101.3725102013498
1205.0679111202949
1170.3804284003695
1075.381823005702
1091.4076518789045
1163.4861497401257
1205.8673750649773
