1160.9805009046315
1149.8763877860417
1173.6051303159627
1169.695667889979
1094.0873661129772
1160.822490421166
1183.4015136848013
1146.421438690165
1182.038048644284
1194.49795406997
1212.7716223315645
1172.1330141565456
1164.0786364001867
1118.2027423520005
1248.2989153948765
1162.0481822843428
1111.2540160883993
1142.1177417160438
1150.6841062640679
1130.6009045052317
1191.2751424339451
1113.0993919613786
1139.142558252323
1165.21217578543
1153.4893245645849
1168.9889189501998
1188.572326611498
1157.9198301870401
1145.7266112007178
1160.383053560674
1161.2699016331317
1155.3077857264595
1115.7983552614064
1152.856438879055
1060.805502735375
1210.3501559208985
1188.835572707609
1125.9954506410388
1142.7936502400405
1195.0318499451148
1133.6212050756178
1180.4283219211907
1173.3530387413366
1155.854256754803
1121.9130440850415
1176.3580792922337
1096.302279887915
1172.071536262815
1107.27205399107
1183.8909335717053
1192.486774310911
1183.531166274508
1120.506792867729
1170.9871183069367
1173.9276319981052
1213.9316744403538
1164.1235621386988
1160.5312339734205
1146.7157845826268
1155.2975104274062
1159.034832534779
1193.3587709422309
1144.1777395518875
1210.2271514210802
1143.3879807540104
1139.2618162375372
1144.8242151303762
1200.1469131801073
1213.8126202708042
1224.3625983395964
1146.9613309390459
1099.3560441794286
1170.6153239792004
1115.786846895095
1127.2471436168385
1210.832080456864
1159.4795186307038
1122.9971284823762
1172.2327812250567
1166.7212601719327
1164.7439660180714
1176.1616599188324
1159.9203306278262
1184.8944986913202
1142.4231568356727
1129.073222810649
1240.2251980023452
1199.8432165544805
1123.708873510491
1235.4846993384967
1161.6012500641054
1215.5024965351993
1142.5309659280738
1160.142906251928
1174.7420648136858
1175.0119206767693
1151.8799795848533
1120.7867367752997
1228.640600806167
1183.461009565574
