1213.3303471719403
1231.8194226810272
1211.7934752214562
1128.853263740778
1173.9067765889927
1100.3779022912147
1161.6973407287517
1127.7071643053537
1215.4236794646777
1138.5724124474496
1151.7230355960176
1142.7054565318533
1194.0569794391367
1153.3812282730776
1155.2787462003798
1175.9119614042668
1144.7961263717918
1103.4723411422974
1205.9375289262507
1174.6895830768074
1173.1039982910715
1094.8129461236497
1130.4720576492614
1192.5810514917255
1128.1997875320567
1181.8873893201092
1095.645227866491
1143.312307027908
1214.3159515345656
1100.0956838180891
1206.832892995476
1162.1188927906278
1155.1921534766955
1077.0104119840876
1103.256743435699
1174.1581572288042
1195.1908157958612
1070.1949565923264
1237.6458498542368
1171.711049020442
1149.7197894690867
1109.2279326049825
1172.8436370224172
1154.590770727679
1203.4902423866092
1173.4285469727329
1132.8100509743526
1110.3901465261197
1152.1528166022651
1191.222090631916
1151.2801241397337
1216.6336706937227
1116.2251437755144
1077.2901463725475
1125.5240041059099
1193.2199210073516
1108.6465934910534
1188.492605161001
1129.5691377549301
1098.945359387996
1177.756370487504
1191.261670032107
1106.7913529278842
1153.2318271822949
1082.9048125109346
1186.3856626826373
1094.1357988886205
1198.4627242949439
1112.451877423225
1184.8410561990515
1132.5103562949043
1188.859720766795
1137.0782210338405
1167.3237782085948
1188.0588056878812
1207.3627576627214
1158.9734839524835
1166.4376897291386
1189.6177961295027
1162.0972556244421
1137.3458807163229
1130.6614112794932
1188.8259551649924
1130.7771194370227
1150.7926428927901
1114.097563910601
1255.8849461471239
1157.5013640877814
1181.3727989440636
1157.9212312905233
1142.919725206216
1075.4486626792557
1176.3401988275962
1189.3176013093362
1194.2691905449087
1159.7841344313601
1207.8777440782599
1212.4094413195114
1179.9327738368977
1136.5230036480687
