1188.4555543437905
1206.9153549311254
1136.8464784426203
1130.077517804734
1176.6788088000803
1131.2056554525059
1185.1304120254754
1142.0812533697501
1180.1185947962126
1193.675715713685
1170.0618518662784
1107.9187536293675
1162.9744803692267
1107.5385297337366
1139.500550009907
1177.3334664239694
1160.1082985727414
1166.581821067311
1095.9169085727638
1196.331317377142
1140.0226329750428
1178.1137230696197
1141.6022543734691
1118.4700570099071
1216.4475940846035
1129.4270756073465
1193.105161336622
1105.1931569600579
1131.751842687737
1118.2640695322664
1076.9547703545334
1159.6729420838578
1159.05190743873
1187.9282893602374
1186.475783143502
1224.3088291394085
1119.9248919226618
1190.4754822270427
1158.962987349428
1185.1141909911166
1161.2509062761578
1188.1918537218635
1173.2421375296517
1184.2114138396248
1142.906427219036
1133.8982644995576
1155.167021090878
1167.2287042984703
1160.4115995373697
1160.9056869523786
1144.683811758886
1177.0407200756658
1110.3038382516029
1160.3511852197119
1193.5575704551654
1175.8110022178378
1170.3303780782817
1159.080248540619
1160.47390866694
1135.1041518165505
1166.5714582115588
1089.992947519714
1204.7834890313843
1180.3834909457971
1133.7172794976877
1184.1466307789196
1069.2784333394507
1136.1121276420067
1168.8770443193832
1167.519998514348
1121.3943960026613
1125.7093883794957
1209.0609620596267
1072.4476227593182
1161.0763866242073
1130.849581107301
1038.1626713808625
1229.9909643914716
1148.7605971689302
1182.8144650520715
1166.3842021129585
1158.8637067378718
1141.8281137613694
1139.4738979594551
1159.8283362650495
1194.364128827722
1137.4519888740376
1170.9204827216906
1205.6690201610602
1201.1404537995923
1220.580783557104
1140.5348651845889
1181.1566373231854
1120.3206122859638
1110.1124273511741
1096.817930447861
1177.4018802780763
1186.4837215742127
1049.1370202804264
1204.171612120259
