1204.5339105656897
1147.0389603102826
1139.991538281804
1123.726774591994
1101.8568869628807
1126.8848629206566
1182.3243320681954
1173.3014047913155
1163.6423395930747
1123.0784072165434
1172.7925752149815
1169.7050613393671
1172.775874545234
1248.8176122867164
1121.950912953497
1109.4292110503043
1125.9418754484009
1123.300516979383
1187.4684044855155
1127.2075534715038
1150.755370801822
1139.5194332948433
1160.455325208317
1092.0129613849872
1213.9497981455302
1167.295782120056
1087.3313140869152
1108.6872071465173
1159.9634180652067
1202.8214428314454
1112.3825481161634
1149.0044804830068
1267.0466278861495
1162.7821610794285
1110.5311137119447
1112.936450419893
1224.300443810999
1134.9891265170181
1141.3517183571187
1113.6020699125356
1151.1486260238999
1179.2251111205783
1177.396501061233
1144.9713081209077
1173.6523425895155
1138.3544420781081
1195.645680208382
1132.159398045865
1207.562011953692
1144.9357574701403
1095.1182157787841
1170.64100208351
1107.2456906412378
1189.0801176287496
1152.7978670573134
1236.0314691682183
1176.0014269742094
1103.0403194693201
1144.217329919268
1169.8618987234054
1129.5761003789773
1143.7428414985325
1144.4628847943823
1197.5042041411468
1150.3803470865705
1155.4226109713481
1165.1653968816609
1118.3517485240568
1138.201599241717
1097.177818299597
1215.2748357088033
1215.555372451038
1176.6051602216746
1101.5850699176067
1171.1254020753906
1098.0195113999057
1222.8028540068328
1190.7855785476622
1208.6224483857857
1210.7629636301153
1139.8610181085799
1155.7929918699351
1177.5663536200318
1177.9324401934364
1154.236307565549
1154.5003761531264
1107.3411084905508
1158.3629971600735
1225.8026545747732
1176.7477317050493
1178.5991611648687
1154.7291845005425
1108.7382757010582
1169.3823314321721
1151.3410094546737
1072.2767366633086
1179.8546355491624
1197.2435542302856
1191.438891146002
1201.5724984249262
