1196.1488841333196
1136.5151640210245
1198.1544135945903
1155.3796511432313
1139.5934361327086
1144.362454857171
1213.2395660081427
1217.32821175749
1149.2421475054437
1160.2584790796982
1167.9799036076229
1065.5704319817542
1118.5055325468823
1213.7531451591174
1159.9226077429935
1160.3974071530777
1098.410190887969
1155.4746566240672
1166.3742184211349
1120.7698593387793
1096.624962547199
1144.1875432704728
1171.1555853836546
1187.4483029469438
1150.8636884454838
1170.8848097545274
1181.7925531900787
1145.5054843554706
1166.059384282805
1085.964972179007
1195.848936467778
1160.3148461331073
1180.6737289619352
1048.5491214111728
1076.472737360777
1206.3420800250658
1114.143022002087
1187.929000402156
1204.9948194181704
1153.168363082262
1155.3958258192831
1152.9920828097966
1193.1548889222831
1170.6337489023117
1171.6653662093872
1130.0685494520483
1149.6346927423688
1131.976532621586
1203.1719084146782
1165.8118389542901
1206.4222053488957
1218.39800498174
1182.4795258895278
1205.5256363830802
1170.411527976947
1088.4707088487246
1107.0839764576258
1165.4749154816793
1152.4698411493164
1151.1872212869441
1137.1083731286615
1132.4397377562116
1139.007293037485
1146.3004506203097
1154.846232703756
1183.675292792335
1151.7109393930214
1200.2741534307468
1126.3011282278867
1132.9677584487745
1112.5660078146846
1179.9929629001529
1156.6809324162746
1146.4948496900445
1166.3107479890807
1157.7887032853982
1195.3925951642846
1171.9263303367613
1216.71290472475
1152.223658865261
1175.922582629007
1165.895141661826
1142.367727122145
1118.7905994732862
1095.9075434508586
1076.1314521857005
1103.6670796815356
1200.5375492994951
1217.3400859615228
1136.5349713822486
1219.6357961416636
1118.8152017000878
1191.9213396566233
1190.7815837195176
1100.4358788024472
1135.6951949838715
1146.9658838841556
1148.668376940259
1154.4289553635124
1208.1822221179661
