941.8532461298169
969.4055230197242
993.7150337415056
940.7013714172825
980.447777903489
1029.7132296028751
1012.2239086801565
955.2407972377891
941.5061595109703
986.7692462486634
961.5955066677024
960.7390046066744
1000.5391784830584
975.4454812491837
972.8644869625862
971.1239231063252
1043.4109005330738
1001.6108649492793
1000.280437505408
959.0222483909508
960.4446032692987
962.4867419293952
958.8158499173979
890.7213385939165
974.629511026615
988.5535939240538
975.0232233313758
964.2698640565784
963.4106231893072
972.2426114755605
968.0464268746174
976.3561672332479
916.40330231985
994.6685164742041
939.1945974960576
1002.1122708841599
969.3262056821046
993.5737245824763
1004.09182177769
987.0394140890494
969.6351009206882
993.557786030818
1014.4310080212296
1028.8893039322354
987.9489649616396
932.498863945107
1010.4654962049447
990.6619627986307
981.208878252337
975.7096070906387
983.8576454811408
976.9297810802127
1014.4220764126211
1037.8029474766156
987.6995002695503
988.0826461726368
975.2940526371043
1001.1339748632001
958.2877152458234
960.1083342516596
1018.5270285824149
940.343836106089
909.8308750510923
1003.532850395106
979.5946853483516
969.6347327605964
960.0198404994653
965.576259118465
973.8645334530811
981.2996609570426
956.0985607356876
954.9056334904255
993.0462629256311
996.6516369125003
967.3153447817006
978.0122622395854
940.6286250223501
969.070766132184
950.9574406715723
992.8198198898556
989.0388914219731
967.6119519089223
996.5607411421889
969.9545621872331
1045.6416464946942
960.4848536465328
952.5363612645533
985.3186929296497
949.5312517834878
986.8044836445744
1052.9481496835062
993.8759074508724
970.6319815635258
984.6816005602025
996.2490699940472
1000.9814305283078
1008.3170278026925
994.2059650844182
971.0191368949552
985.4894444632544
