928.6423571322498
928.0446499079937
947.7003074293958
943.6163951425169
960.046696029164
974.3232716754568
954.9685707038092
979.4984971606706
936.5813177428807
914.057377418776
931.2204353215562
955.1703378902397
962.5799714482935
987.6708238966074
973.5061615549391
957.7110813267602
939.9879588753619
941.8377776690379
917.4420376252822
973.6320019295481
1002.532422856678
954.1695836751161
975.7574233860348
1033.5434527816692
923.8971099930784
976.7793514219692
972.2837843727316
969.6769667810037
941.6328282048592
985.3996668006175
933.1136489755557
998.2540939032526
940.6184820396335
953.6592188418548
925.0541906703385
958.5245504908999
944.2211999089053
972.5800465168847
961.438906216219
952.369365602838
965.806635340996
998.60935826572
934.4857600207546
1036.3509872231546
973.2114060594781
944.3294882322914
942.9325306263306
952.5477959859554
992.5416720466598
957.4094323425487
972.6983613233704
950.5947635747078
995.1334636328291
898.1208783784712
985.3053436349297
971.2997793395148
1002.9169168198906
934.2046856798288
889.5962577735543
974.2988736744508
952.0841216274648
940.425999329096
990.2681653444561
952.8786103317884
968.2556265276622
1015.9310776275491
953.6116815500186
957.1234776324789
972.9941387229128
959.7438184699238
991.3395472359699
963.1321466583308
943.7521321838934
955.2274081659369
970.0634182436125
964.7968994915886
930.1176248682934
1043.4591989420617
951.967414817848
958.5254173413597
983.9039686006591
977.8662604001214
945.1806780582409
976.8884640261961
969.9789349403227
948.4601562781544
966.4505318920181
896.6063636905982
975.2283879917106
976.2507837508341
968.1581552110101
958.8471673118676
933.2728511736833
965.9699418869061
923.5918440057122
1010.3790205992723
982.9620722805219
975.0205084665334
961.7107643248276
938.7679814209346
