974.4670850394766
951.3797578986755
1032.3965463014313
979.0111738982156
944.2295997181866
1012.6746791646843
944.4336962159713
966.5020814477487
982.6031819030266
1024.8521533106084
948.4883987687317
981.4361048752301
1002.8133389625857
998.3567205207647
1022.3125247155374
958.273988502631
984.6440278138863
978.4664091986712
919.7988904534402
1008.6465499782732
964.3605531822279
986.9488893887966
995.9419112518744
909.3811326745788
958.7059213463964
979.5378097536939
953.3396960035669
978.4387512763441
1019.4822960900431
982.3846079223284
963.3435220058566
948.3776711930028
887.1262661601727
985.8392244886345
968.2925857711081
975.9817298861473
960.1971196185074
1011.9410149800502
978.2594584811347
998.6971706192926
952.8549299260011
1006.1526817208647
1009.4096584844115
1004.424955758882
1013.6147163016018
952.1454448828241
974.7120292227058
982.2152138859229
1012.304821088278
946.905479255256
1034.9537890539966
954.8326072839122
962.2596736999657
968.7576002152493
1002.0151463974518
937.4644124095092
997.8432741434515
987.91124247859
967.9954937357519
990.1329926508264
938.3636378120353
968.883396456629
954.2898091803811
986.4536279271694
984.6078475144809
911.8120415344932
995.3080108260914
903.3146346004139
973.683689818946
942.802801753508
950.179385301092
988.1253976157584
976.1689672577367
956.096084852723
972.2078425073673
923.9874076169633
980.5394787295717
963.2526514159664
953.6387090947268
972.613659864365
982.1452747127717
945.4154198981197
946.77694857567
974.9624765992751
964.9023772677231
992.6890081028848
989.4542137942669
1019.172014146169
984.8527149096634
978.67911737933
995.1878536605301
1021.0746957865314
985.9144678499863
961.9839208990824
961.6803910000489
966.2280283911779
998.5587249600734
1006.8805438734764
983.7897501386107
977.0945526200751
