943.3454705316968
950.2092290115878
970.4934694709881
949.1881776233239
988.0052845159809
920.551780998118
924.9323260552693
937.6224758457555
982.4598731767873
948.8134695872815
936.2891546749678
913.3064996425646
1011.1789390542635
971.9882106164329
992.9827002068993
990.0055127333311
949.5653141143938
945.9322720674609
984.9434171588067
946.1742463765615
980.2164963204614
949.6265685858831
908.0441341787733
937.8949847094073
975.4876550057445
951.6876673570531
929.4360538102966
1009.6259541004966
953.9961271149234
976.6559827695081
923.2729744312319
987.9141147257395
937.1686691805388
1009.7610715339927
985.1658334215401
953.4263363091526
972.7423769792548
968.0381218716913
975.3132082963308
950.2703603576756
982.5489080062449
943.4551078275349
919.7093413664923
944.1828218847758
935.1851072708253
919.521946256952
956.43409237726
933.3732164640342
955.7061680762173
962.9479427652394
984.3835250104302
952.2565346179605
947.4320569363028
956.061563600369
994.136491696012
956.5022490975575
928.2355331319374
949.8124993391858
962.1864775806634
907.0474135412466
962.1879676500381
939.5330040551073
948.8770549437747
946.7663243026145
926.0669897081184
976.8455063552508
936.415852958254
917.3530334817035
968.6616579785036
980.5919405808387
969.1748426877745
1004.664436375498
958.9159643914777
931.6689477681301
962.576581522149
925.2719710001343
938.8511492088971
907.1679782416329
955.9375624349157
939.6466894647821
960.4145396048117
970.0491661971473
985.0159133123759
949.3599955883126
988.2407229378209
917.77373022139
963.2801501867941
954.6494498065307
988.5370969569889
964.6900016520492
944.041173816176
974.9055813051325
981.8212628840333
924.7035135425375
924.8970505024791
882.2724489491483
954.5146758102679
930.8084515048461
978.3755342676724
954.509783971775
