981.1492544760209
967.830375559085
1007.6979384902586
975.1243394934295
957.9315715578242
978.306721912663
1013.4967217693982
990.2866091801895
936.2582341252919
930.9842771989698
1027.3625902570548
975.6264887465305
950.9838705523529
968.6586228547731
982.762159412138
1001.7681787297873
955.5518471868671
1027.2774093792107
985.1433233336213
966.796882349508
974.6642207192912
981.7392369078572
976.9607059220651
967.8718657704878
998.9297605939195
961.649579503508
988.266365433376
984.4724602406662
1000.4232580032593
997.5534154952221
942.0386493208181
1041.3655777075012
957.2601270173988
950.4990402154946
982.2971667849066
945.1565417269375
963.3279931483005
985.693897141266
938.2618376411839
1008.1984395016351
971.3047767483495
970.326812773775
976.8786392286678
971.197695253115
1011.4141862302515
996.1030411405877
995.2264799271916
1008.3790392613915
1049.4528394106217
1003.2568809590132
984.0043363779038
972.7568891137588
957.3271471718542
964.041396027125
981.54175941308
996.0592101477654
994.3798183965826
976.5454301653554
982.5630289103508
971.4715016237352
1019.5541097280646
1005.9678460087911
1009.2067273689507
951.0402831701502
981.856536604131
1013.6417393118967
931.5182275387185
943.5592026298314
972.26803645967
1013.7415419299142
987.2413964309985
989.8476307964343
984.1093763422182
981.4139772358415
966.2805675376687
987.0030381085555
954.6105278097895
997.9864645060522
934.2559197877437
949.1164122570551
979.0381636455561
972.2485225454487
913.357159483644
986.7441495563226
962.9805763459643
1005.9235354801449
956.6358806680043
972.0420511606068
987.2754271159639
994.8968763218764
958.802869047787
970.7063688291772
969.462631544789
958.7060840713124
1027.0059072560505
991.8576906445224
946.1372794786191
1027.5338769982186
1005.6489524479437
1000.2396185378809
