942.7554415323139
1030.2083455655065
1008.6545397957943
1002.9614107361346
1012.4097350753094
939.5087350571977
965.1867732989909
959.5144669467289
917.3288656070979
1002.4912426809011
992.505784560197
1016.0501455431807
1012.0868449294435
931.1886883797868
1003.0804273143132
978.8622678311426
991.1931074897379
962.6058504052461
973.0723932496784
990.3462102215366
986.6272455486314
933.9984758417885
994.0776308911518
1003.488057654974
958.8332101978665
973.1056772524461
1011.4118365039211
926.8771693147536
982.9838036966016
995.5246697166345
988.5767431624587
975.2334886210638
944.2446741678666
953.8814527258471
937.7607224814413
970.2812557187376
974.324359101734
989.5772208976455
994.3988146758039
986.1340747485987
961.7268100990298
974.9636242969254
995.1934973871811
1029.438138935631
977.5504056421079
973.4824966154846
1018.38672032457
965.751950344533
982.8490194962186
1012.2267480207951
966.2056934419159
977.0063498570894
1004.1890414851139
972.4517040144876
978.004690583012
984.4006714840644
980.2603151283728
964.1117897137439
1041.7836172543507
926.674935092532
936.3028875108765
998.2358564485277
962.7916332556385
965.7071841581335
977.5969832901912
993.4126804510815
1005.7436273437954
990.5790311917497
969.0930244386311
955.5939854988217
962.3039335458215
993.8005454504685
986.9121848746366
1021.8249857886069
993.9202237306293
982.7144238396436
999.1229453680088
962.6641513888876
982.8903788612554
974.4770592876421
980.4887921965773
957.3305825543742
989.4760433951997
1006.3941782098866
950.8409445333701
992.7737062316601
1009.742177677077
1011.9397283262402
988.7859561725486
988.2853918683152
966.9863930239216
980.7649045405394
962.2015572712005
988.8460657805842
964.8509497360238
1013.4989795738313
997.9003805036244
989.6396929288561
959.5752259809021
1025.1812882182207
