980.5629917283875
967.5572741342304
960.6284280868157
975.3084495972905
955.3109841293473
994.8236664870457
944.9676734883623
993.834408315001
962.1169855704438
952.2866172611042
965.7593766729228
982.1821007228947
944.0314645524293
970.6043893024548
971.8754830209746
966.1586961349664
947.947800393385
972.6516423838697
1005.2956491202648
994.0592495220576
963.2813647205493
962.625650845368
999.202594012091
946.3997136204704
975.4521980383771
926.5856075273879
928.0303993926161
936.3049926330502
996.8831093206549
951.090113422636
951.0696778807261
994.1704584695282
995.1905913118252
965.7963912158592
955.7536656841118
1000.953746461698
959.0135451148153
944.2681160932304
942.0076094685203
972.8139048672042
988.3370968956727
940.9675557691351
974.8332111228033
989.4486429342792
991.4836298937624
963.88522962956
961.9141537505791
945.914319073054
970.5946461534312
988.1850381941866
966.3426328273935
959.7912854249159
981.892269354338
936.1776951483159
933.0300050992439
964.7103142504682
986.6598255961763
1045.4387170505145
966.2572336611079
915.1197783108198
928.5828835009632
943.2616641603247
941.6995327929504
1007.9381659703056
952.0488128057289
953.8402502258224
958.9170938332649
963.5206214462519
970.9694376142056
994.1934206943454
945.9632897583468
977.6738177194696
950.5464644914408
929.3437821295837
934.1186941206718
951.6910599815877
972.2935612150133
979.2156325222477
984.0272723764111
963.1879971155136
936.1789037521993
965.3530025582133
968.1067766371392
945.5411025342645
989.7992286255444
923.090878530216
1013.1886185543061
969.8554999454051
1014.7684761424895
930.2655643267858
968.9650321081633
962.7332366862637
985.8921167073916
938.1744079576462
966.281905538047
957.9780392389653
977.899320394259
974.9028827987578
961.1468885040256
962.2089972104574
