997.2389295857241
1006.6849707977184
980.4317539249832
994.0282134702766
981.8431744702622
1001.6929512326063
977.5978097228189
958.8482634246556
989.5786957345748
993.425118344646
983.3456040154467
1007.8311537748635
970.1131747073242
945.6014591184538
999.9348825084177
943.4356926058119
955.2632651942904
976.0255631049404
1008.8633060882331
951.4437086320833
933.2196621741781
911.9127161611136
933.7074516453414
1004.7291445566493
991.5968132549018
982.2090591352278
921.5067891592432
940.4847939446927
965.419214626593
986.034592672719
948.6111551758194
950.4891520485269
922.554829405894
1008.2529330326817
1009.481093264009
972.0931993428369
926.3268606015274
981.9366541403905
970.5137923533339
986.6137947625942
989.7984838619271
1011.2987210084254
970.6138100021358
1010.8892710729345
1024.2951809365443
973.1321017257396
945.6698984972669
993.6512287832935
949.78854737602
969.7527092838078
1006.9189818097334
978.9497943880376
931.7205394029945
996.4477634415327
1014.2243095456469
1033.0962671542675
988.5997651267269
978.2396654580116
966.0240564340194
1014.6524631832112
920.7652241279324
979.2057073783312
968.0953876364499
967.3450970130632
927.245345631922
982.3775067729354
942.7176296046043
1002.0669085869682
987.4285591924221
937.5712845146068
963.4871652306493
976.2113851965719
995.6449017456598
952.9239497157727
977.6275122588918
997.5351530854351
977.178133257959
979.3692587196288
923.0907331263749
939.9477425739984
966.8773760404202
941.9822571461215
961.200615337586
972.3115683634392
997.505993014694
943.8515107151328
1009.7124320842054
1015.7456610390327
928.4326453542174
1020.368884503902
977.4879231497589
950.3962168142294
990.3015575005053
980.373201709603
953.6634438615416
981.9935121875741
962.1519121286047
957.1010497295439
942.805863918859
969.4382601118082
