960.7294580685435
939.2725612550099
971.1006285901788
935.3153569226542
1029.1270797095594
1018.9642616521321
941.2513986149058
972.0262018865891
945.9262797062414
968.0567812796598
984.9354133814484
965.0785004297911
970.8007175141079
999.0530072123915
953.0519155623874
988.7216600070537
1001.5959168499618
948.3759648802668
994.6980334054788
966.2059158424966
939.7025555328094
932.248333584526
1000.1267325974022
909.5273589279576
980.279473267275
1008.1701320925216
987.121408851219
957.158062209056
975.1255071925232
951.792199058318
951.3147217892415
961.0460899652018
915.7502667240934
974.4238416446074
1001.5684818673195
972.3110249248549
975.0832779155055
932.2603489179329
953.7861179670484
984.737923176701
971.4647707154646
937.6552776452622
949.7276693017212
987.0424992767797
966.1743317087298
940.6574875885666
954.4609510072476
997.9865511305699
969.694939871524
980.6614080761502
990.083273968663
958.4787046790314
965.7675818128796
999.9527869971112
930.5601641229373
960.4405314675494
943.1534820520263
969.789239251197
924.0682339649435
1003.2731008954718
980.3261422516326
929.8784526141429
960.0017643444558
986.8307452904295
952.9954695757223
981.2972953458951
970.4904597754937
995.003544847416
995.600215929629
953.3569866466734
967.2002431672166
990.995909282452
902.3752423859564
1002.7270198205329
977.9005509873358
957.9457244110251
1015.8576375819258
961.0448206588727
1000.3478484018686
953.0257732459645
955.2366354951026
915.4986992197836
955.8394106747805
915.5320327800756
964.2538227030343
945.0503573307976
948.9981280069222
925.3629497361133
911.7290704698247
967.8681889174426
977.8017652221225
958.270329958299
992.6323852401005
976.1464879145723
965.1889345448053
990.5270369375557
957.5824118584426
978.8642620489181
983.0014246685571
977.7775486993384
