966.9446948792373
933.411398824111
969.0660803546508
987.1908598742625
954.4295418376414
966.3382287386905
987.3778113413247
968.7520646295303
931.8477815225965
963.5766614532594
958.5525097122845
964.9912511749327
953.9611412610255
979.5364558969098
968.3648704230776
992.6864431205763
970.5823238714217
933.3220108582483
927.7358609178799
934.6533540397686
945.4889573221607
956.7857740840373
994.9218232005962
961.5363744296778
965.0385018922145
912.5635848691395
915.1160028220038
988.2499839212387
987.5828495372208
901.1016995476306
921.3858933269876
946.7185484150933
926.1084101420422
964.96851337431
922.6911080585095
949.9394968013326
983.80935086793
974.2086818515338
972.2155159156854
1009.4286865584921
868.450900172503
986.6677706546526
980.1489061750392
977.849227260164
919.7389239793573
940.5768238408535
998.3957692382339
959.7951234425354
971.2272015051485
874.8030248471782
993.7036572246135
981.49335574388
1008.7227484425556
956.9183090343896
939.5393876780287
954.9025432380619
935.8855421560394
986.8053278140303
968.2063021369795
957.0267090679088
974.1053822966085
926.0285759100506
944.2186970154642
963.0491988144412
952.527641863698
973.6850826146258
939.8747847729384
941.2799293424542
950.1348580787385
949.6698202246376
943.6873616996382
922.7271520345354
871.1068714198682
983.1721330837423
980.012191883273
964.8316804032946
910.0218292551622
973.3330880921794
947.7886270758382
929.9056313923879
911.0463618708374
940.6150853380309
937.1341631553638
907.312059512258
962.016601213586
939.2948863657372
989.5814197935863
962.9807579537685
904.6457359731377
974.5909182436163
962.845265315285
963.7679858268527
990.6500988832972
833.5162989365601
968.7513210399336
930.0191573160013
1011.0116066277615
931.6874680440785
981.2111263081363
968.634958152311
