978.2027293922913
1026.2206706042175
933.6181431064557
958.6714311080804
989.5020874008749
975.5553298589487
984.8788585736401
936.0062572094319
970.855786808576
959.2079635523546
1008.6403123968051
941.7945433476285
998.8827145696852
989.2663649253142
1016.3717622989725
958.4662194487921
1006.485517651026
973.7407477806455
983.6192158161214
984.1961720393384
975.9533285394587
966.7812700885243
1021.0598124024365
953.137951878116
973.043229921711
1019.9319219142451
950.7404015864985
940.0136811523141
939.2214406084794
962.0120216038798
997.9793224877805
918.3235457293523
940.7608642348466
955.6809125684346
961.3891230246011
998.7270400281899
941.3789056236734
980.0060493201212
990.2399176243624
972.6288200881764
984.4601191871027
984.9810381737958
960.4057161490666
1021.5438563092073
958.2922986081519
949.3377786211844
983.3983685904938
942.7105720251341
975.217025927335
989.274400485387
1014.6492123032397
950.7072535461054
1005.3367834496527
985.9086477013113
967.0120787869032
935.4274143721767
1018.0127882314101
995.4507601815494
1007.9278291707558
982.2643027048142
986.9040033807992
973.1872941660428
991.1804391397764
999.5432873825961
963.606818104175
992.0320806763654
961.9727044969113
918.9206189581623
969.3114909638758
948.6017436442909
1003.5194987365111
1026.269183768256
995.1995006812679
942.3370135626436
1018.4956443671275
956.523653834263
953.200431977706
972.8798107147362
992.803303588061
926.0889222453762
948.073899797083
983.7833143921207
984.181290107272
983.5568637252229
985.3317899969131
947.4806879567049
992.0061281178561
957.6240587726927
956.3528670444722
952.1980842800251
944.4159105499728
1025.021923247246
999.0772375623819
1021.8373871392761
1024.8261404890063
973.6315102100872
926.5137006326402
967.1941465855712
1003.3069306572149
996.7864555253271
