1401.8932198729083
1305.5842778372287
1329.2335347229748
1422.3412060048338
1388.041887677789
1401.3554420676492
1513.6288622805428
1390.864754193306
1397.631513910141
1356.1612925474406
1367.9424904518908
1446.3272677728903
1374.629961008411
1350.0784384449976
1465.2625338039754
1346.8800597428367
1446.6959625790491
1416.0740742159005
1394.924712086592
1384.7362904542397
1361.166368212482
1408.3346429394433
1440.199477671574
1412.4423375433669
1358.554449824439
1459.8245019662018
1326.0929128077516
1363.8262581039426
1388.000355398525
1347.598685846335
1315.697898184437
1440.1760371022756
1401.6247441538083
1362.7786902868277
1271.1767049507357
1385.9857831018082
1382.427682961464
1435.9592903570635
1325.0709302606151
1410.4330285326228
1372.1341766994294
1350.493208878802
1301.565913358141
1403.1736751674027
1382.3362399945106
1391.1509576809508
1279.518460680392
1315.5540660842553
1388.9751232147914
1376.0089588196674
1309.1012723918084
1363.077655353496
1422.8056472653523
1315.8469072409184
1323.6826591376926
1288.9941410440745
1334.5823913405513
1513.6156046256042
1395.9673882809384
1434.1150154344118
1398.2748624889368
1386.7047434686356
1360.3494714923404
1413.0254977607967
1412.8678519916853
1338.8929587017617
1496.9930101265784
1313.1317789670395
1331.9977628572158
1312.1744178797844
1385.3374273418513
1378.127569823588
1347.2843526207937
1377.9321963251089
1264.7020720399094
1387.2528959924377
1410.8330709019074
1409.6774389641944
1299.1177278938012
1416.0102891180088
1419.0142737784597
1334.639597188207
1415.605452481027
1361.0505298281305
1346.5166877069826
1188.166843335027
1329.5153201760254
1311.1104549414383
1446.372078861453
1308.7031269927213
1473.12604484373
1355.6421589875026
1398.7787890332709
1425.7447541216848
1309.681914417451
1450.7573318361888
1377.600084420718
1257.5865110244627
1378.3186871165426
1244.4557751202274
