1324.1971036821103
1382.9548423518274
1366.5205831012988
1290.6476009419405
1288.1108362039179
1376.1702122769148
1306.313057227868
1342.28647494569
1256.4453001106035
1417.8986973567921
1272.7895226858702
1424.9231462957393
1335.4416894200704
1382.476808897759
1298.5377719908106
1297.3544977412164
1436.6154392948451
1394.7138450462737
1457.300635820043
1418.4931577404143
1433.982981943168
1294.304744762691
1456.5602545402385
1313.6147507318396
1387.3353067465537
1399.5738892268107
1323.780526482419
1361.8451058368316
1288.5615120536127
1308.6639581654028
1321.7359679413444
1388.7856343282947
1325.5569151388393
1407.839799371948
1367.1110781931213
1355.9428324226158
1398.605691416495
1250.7460126702622
1347.7019173644132
1246.5665114144106
1370.4181205725233
1371.429144513846
1398.1694941227686
1345.3146615706887
1411.8584855777506
1342.2294897313886
1285.923279026659
1336.1222441875968
1328.9269781276678
1429.6656369187788
1325.3268252407513
1385.2202074234408
1396.707031269631
1356.7928539887819
1327.566055878715
1331.0366051401172
1360.6559973873361
1454.7109487953521
1156.8030357739808
1398.149758854477
1350.72209785319
1449.7996012362344
1411.4040617355486
1317.9154203650673
1311.310428357353
1366.2825749441308
1384.2604601153728
1403.6405692253143
1411.3318201689074
1398.8656735105471
1358.1407789498046
1261.008808116577
1330.3631780402666
1449.9087160919737
1428.1514795845376
1361.306346626284
1329.4911013638973
1431.6496019040985
1403.610411193579
1316.3796805478926
1342.5224770511943
1311.026537217801
1307.4829897458437
1397.0079222650854
1300.4375750372421
1455.3205788774935
1354.5337654061263
1289.897645989168
1376.1416085472383
1454.2038857066239
1204.9888503259908
1289.4039551300216
1410.4161800544105
1308.775402076975
1441.9162576118574
1367.6339357121876
1338.1811260693
1342.2536787375252
1398.0082933204556
1423.086051146633
