1272.2643232834148
1387.942858211751
1294.4317308722527
1461.0104390848146
1339.7091081401265
1359.394102637447
1339.405927733587
1333.1157607474213
1345.9015695092635
1316.726684495238
1379.4726705744938
1387.366561550339
1372.3863236616887
1429.6481251699427
1279.5800892305986
1419.9457633756933
1358.807981457844
1332.9982375577097
1354.7435886852963
1350.791912676783
1305.3508889218776
1392.7568078895556
1349.3560124543928
1304.4697053545233
1330.9204085577526
1266.9533125644325
1367.7344260079149
1400.8722039987533
1439.0600545450231
1389.297545145329
1429.4135014437236
1316.7864266586641
1373.268409664908
1283.4361897742506
1356.0290599060384
1406.0349977111453
1346.702836786119
1383.464852810231
1449.3506050791123
1426.0593852081759
1361.4175232244543
1434.2338103876118
1453.0531202374657
1467.1044990302423
1352.4553679529117
1353.5080953636605
1351.8716289780011
1445.9948246145461
1388.3126961893313
1405.3816696983154
1289.7462695222735
1359.2344260064901
1337.340450994415
1355.376469930796
1411.9229844748586
1380.7861893696215
1306.778998911472
1411.897473638688
1412.9306946506529
1324.7810856263538
1398.9683815079354
1292.8140069488845
1329.1805920828658
1323.902170984052
1411.221323581478
1297.6588497764733
1349.2595914905455
1410.9834124951733
1337.3256263767646
1378.5560187367364
1354.508770338742
1375.8802919176044
1381.040365063488
1299.560722071728
1384.037155231611
1349.1535919533335
1357.5778266658788
1379.7602688550007
1302.174603841882
1406.7119777477976
1262.978245644685
1436.399561344592
1360.0958494535018
1210.772831229
1344.1609071876892
1364.4639218925254
1394.7795216537409
1402.1764610672215
1354.6342157806866
1443.3706464466572
1409.1243381987304
1354.037225555359
1331.4957418501883
1341.3658382420433
1283.5518961851842
1288.015229466144
1431.8107471910894
1281.64670136377
1408.8950966800776
1360.2750518640232
