1402.712136049143
1425.0110883761197
1308.377338076667
1422.6785407964078
1420.0490456065456
1254.948002463439
1335.5628421784324
1421.7686537421519
1461.2111922739107
1429.1699461388596
1446.5901795032808
1338.0072050477363
1359.5263971044578
1368.8880154937237
1378.8806894583456
1274.0701739798178
1416.5260667380012
1331.8510818379311
1429.9291833875695
1462.2300299039628
1277.0541418420912
1347.1408262810764
1328.4281796496277
1475.3051879525483
1349.568695127273
1413.3778175489572
1421.180123350474
1429.3507774250688
1429.5395126151764
1420.4642401617164
1418.1862990776315
1349.1708167090287
1397.621984209707
1340.019908660767
1303.1091482963202
1416.4489198540107
1344.239066678243
1244.0879259751941
1403.3116206723776
1367.7738955484674
1394.552066680883
1289.9793037135792
1332.512533737204
1343.6182467126296
1451.2689155537284
1292.1751566482124
1341.2535698538682
1425.6842578068636
1364.5073485421428
1274.0787312754828
1290.2236190480887
1389.107644579979
1308.8966043995135
1382.1439111455993
1412.9985400295163
1427.850102593796
1360.0724309741024
1310.6984921116614
1377.3152676439995
1290.9508227520064
1355.9298851656729
1431.7845362097962
1328.6360020421332
1422.0373065495507
1396.3480277257493
1409.162993955004
1450.7658338547283
1369.2281845748519
1429.1787673427514
1341.618543646704
1419.2918585793204
1408.9007435819522
1399.3443520961991
1325.3649984705671
1359.5794133357326
1303.2946491234645
1352.8353531968671
1303.4337837954583
1409.9641714949694
1356.3410126151307
1389.800353861667
1321.9333127047319
1378.8614064026287
1392.148665313242
1424.2393031619654
1356.8868671351136
1357.4620035359849
1358.7767690784322
1317.611234455928
1291.279159691612
1204.946158441296
1426.0589376102464
1292.7635740031258
1408.301361103442
1315.0705563849217
1424.319999360216
1435.7207049529125
1346.1897794611484
1353.7421812559976
1451.4165833118634
