1240.7689388596923
1418.2146490240928
1462.7115784018124
1372.660711604931
1396.8664968867554
1320.0747605263664
1339.9958372487238
1350.3855121937227
1327.7131420723429
1389.4471675204636
1294.9999408976576
1323.877622034523
1448.2041879021333
1461.8630376201145
1379.647882071362
1399.6388801045005
1378.7711558958272
1442.5153391192307
1374.5755417372795
1404.8280769380033
1380.9949366454948
1364.77643351567
1395.7857833395155
1379.8830693328678
1370.0071550327596
1364.8482229530616
1374.3343845174356
1324.5683618209964
1360.9762898550234
1375.0817377650837
1358.74238797784
1457.007966728452
1421.8487171465672
1391.9155710773953
1277.7720538274916
1348.628307755071
1303.8967007666135
1345.7569981560478
1394.3454634163395
1380.8082407802935
1484.3083403021951
1249.7191907593053
1341.0446291293372
1342.6876461396103
1330.063903178615
1441.7976682311407
1278.382261913107
1362.666719241033
1402.189667975264
1442.0586702132516
1357.4399433262395
1208.757825886313
1429.9802972944697
1399.4821553656257
1361.4009678800664
1398.4406038144766
1320.4485986681104
1384.6572283301641
1422.918966796965
1311.070246402297
1363.417011808096
1306.4415414989373
1256.1998182863776
1302.0327555718952
1377.6411314384645
1345.4224439622599
1439.1355966486844
1445.6108830261212
1446.0443439510773
1385.900163339767
1373.6002117301944
1450.278258416962
1378.170483943302
1479.4776574174982
1385.0720636046167
1344.397942123649
1357.1374649024704
1369.6177030563308
1359.3738934682744
1426.6118166341644
1460.3161736320408
1222.3853596670272
1512.7603648818085
1379.5370956078718
1426.5102345117577
1360.671498576244
1429.9428641736354
1424.826094824963
1368.9862299672611
1355.0281206419024
1418.367818695848
1430.44536956602
1344.4817511792435
1350.857386995866
1258.2060539904635
1290.8687621549484
1397.5247247303726
1311.1298888203012
1249.7641388732613
1378.099182946946
