1401.856316575554
1288.6515173205707
1437.6079595722233
1332.699038679271
1353.9121815966255
1301.017171001658
1387.6612581115376
1318.3056515048777
1365.1637666133229
1247.6608446884425
1415.5321020969961
1227.891047502637
1318.9604612906364
1409.0130589134264
1361.633150381645
1271.8731197902232
1387.06647196223
1389.017022537095
1386.528340216276
1411.1258772682822
1392.008661105837
1385.6124781611773
1330.843659318338
1377.5912678802497
1367.290981575533
1363.8147701087748
1235.905288957409
1398.6663023727467
1286.6078478422776
1326.252565457432
1199.9864764491163
1375.6506640703642
1421.5551632252696
1386.0107670844034
1393.293898125948
1347.1389136389491
1299.1289433811091
1422.934617411849
1431.6127236298794
1413.0373992337477
1309.7063286048808
1363.8663820056747
1435.5621164491254
1412.4677176818068
1424.1448886474477
1303.7673997178879
1373.2568680292102
1344.57984476729
1249.477127608618
1380.8632496677435
1343.709780032488
1316.5504382201066
1408.5540978956965
1357.4229466186694
1297.3778642337277
1457.2512539996621
1174.8205646424888
1365.0863195992424
1333.8329507575402
1458.0786487363448
1243.9654559270089
1384.5318902659797
1382.5722609051138
1464.5725422813114
1251.6358339953113
1361.0949949347867
1368.826638877244
1388.4905768357394
1443.542001740742
1352.7583621424042
1436.6539583964895
1428.6579901692392
1380.4837107334347
1387.5102477623998
1235.2492403296453
1394.5014050222117
1382.8605336871562
1310.3407568202967
1369.6463582453223
1442.300985390535
1373.7989855051796
1329.08645333968
1361.7921351363689
1263.0785635420534
1490.4540496058
1389.2649410580277
1415.173643733226
1305.6204865313434
1343.8551781848275
1288.6896656059307
1380.8188128399347
1306.5112050649764
1376.2716271060676
1357.1227756651365
1328.3832246807603
1253.2122918154676
1288.3733290114642
1376.2999345440944
1359.494583989739
1430.8755072468055
