1366.7771724269226
1343.7238532994006
1269.577712962735
1319.8668115108792
1322.0511806207098
1398.0357319555562
1407.903441938813
1392.219667007489
1368.9558194476901
1265.6282726065594
1263.9707332117907
1275.7368855154998
1424.553282364839
1267.9661773902624
1349.4529244673565
1441.1656484491095
1397.2983278749866
1382.5596269290618
1355.8162911763984
1418.3745546381433
1523.8095372926423
1353.7861195393352
1363.9415432678886
1374.8728457660711
1261.1259567396728
1405.6672872478987
1451.534598504177
1475.9271909411043
1330.5189697694486
1359.8700344245158
1331.2418171037425
1296.81241822821
1388.8647950729983
1320.3219693722133
1376.8584118929234
1405.3707022401984
1377.5404609042896
1347.258982536507
1259.1826617405482
1342.774497928364
1355.708809761607
1216.5920694802617
1294.2148168499648
1344.6720473108542
1368.8684552412253
1348.0416361125676
1288.0533546784475
1422.6679616676454
1412.578823041207
1334.3125017028049
1338.1382312352055
1337.7041340248663
1433.3534347373575
1319.6821516171894
1381.8728044924446
1407.3833674134648
1448.4291317271277
1404.5313354458774
1382.8704406878562
1323.2858403826772
1361.0054713389136
1300.3960489711037
1401.9937702756324
1479.324908652085
1512.3063089969921
1391.8437444392985
1353.4596921684908
1322.41269778839
1217.4836505769233
1226.0192092750015
1359.623904297544
1444.4482003906178
1269.6438988363793
1347.15153270856
1371.6647550309292
1376.9073589096545
1428.1475525416436
1375.7760514590962
1414.3845961984523
1355.6724594668765
1412.8367311473035
1319.1424874544723
1399.6753058281108
1325.332464584939
1297.0361183613893
1327.266392218728
1386.4524011506464
1296.9941265255707
1307.175124599509
1333.1795891666054
1383.8548808131457
1340.557924867462
1384.781282739594
1386.6794598685888
1277.807991008452
1407.7221123038582
1357.2154345501992
1238.4055913396332
1381.010088744502
1331.1521588255043
