1284.4314408927564
1479.6498724317014
1348.9102504982638
1323.1504342815085
1451.1150685165123
1434.1571025182684
1424.0240118219456
1210.1583824489717
1319.7213926360182
1503.3562632126273
1349.9719497925237
1352.9101310285957
1425.678969982288
1359.8303061818267
1332.294743605839
1313.6055008319704
1483.3372529592946
1368.1157746145961
1364.0513272595115
1369.0295675116133
1362.5657486923633
1422.2978554250244
1387.534737851011
1480.274114990421
1359.1370572116577
1277.8425297133942
1359.641340743153
1404.750512880909
1359.9895979754363
1402.6861508556235
1359.4588077032834
1408.7990774252075
1361.3056314561684
1350.103192335799
1382.403731360633
1309.2479947652264
1419.063318958963
1401.5780197314452
1370.5117216013284
1465.0793542034369
1398.5300231005458
1368.801851043738
1382.620476787219
1351.307806216329
1421.6088204603811
1258.465707845151
1381.6423526163412
1448.1882082151749
1336.379241993408
1254.256768379942
1376.8465425033135
1434.4063937891674
1244.2260733081694
1281.5078259941386
1343.1813599867146
1337.0932046664989
1351.010764916012
1367.7982363871215
1279.7144810578918
1258.3187750223512
1367.6234829833684
1409.1987975895165
1467.8427469986686
1323.5991132672536
1423.0813509011737
1384.4296735148014
1327.5637629580356
1352.4668875806788
1442.0900749854154
1342.0372495418833
1315.147638044949
1279.8937863814554
1343.8351735139133
1313.1507737770635
1246.59245809797
1420.6208863031306
1343.0588103973841
1329.3333377959007
1341.8067929415577
1341.643122685188
1420.0644573607494
1338.8046678507658
1382.8820631248584
1367.1954688338203
1429.5439607512296
1304.0073869421576
1458.501209449051
1275.7518526274307
1251.9069389661129
1369.1363392292726
1341.0230787030525
1380.3001070084931
1283.5548159726704
1440.1408626153045
1320.315380802211
1296.2902307423738
1392.398669307958
1438.4022349558559
1378.1449369437007
1333.1189722149848
