1126.1982037001635
1080.2327560086453
1092.4695859557748
1147.661593639092
1080.6969012739135
1070.6057570042635
1064.389854279555
1163.792705328384
1037.4219025278837
1153.1903849595344
1161.719375347223
1119.946440837185
1108.952614911032
1092.969353577107
1159.4116566500988
1114.56899949919
1210.998091674421
1107.8398320892793
1134.8752461478232
1077.3464665321728
1066.0239314475855
1098.5038987625203
1091.09793979995
1115.689778925729
1059.228248019945
1127.7847729365233
1154.0904849773442
1118.4165594321457
1093.5944074576648
1109.7148476992377
1094.3083582140555
1102.1750892730074
1118.63797311118
1084.7460949737656
1168.4304860659838
1161.9021097940183
1044.6798416249105
1169.9678941905156
1064.4027029997762
1096.7838435173765
1124.1743160603853
1146.0850352331863
1125.1538017927912
1127.7568783346974
1110.6356590456974
1099.3677526474332
1154.034275301181
1124.391020602538
1146.384444125563
1159.4413931482754
1109.4874497754422
1130.3501377457922
1096.014052965073
1077.3076194525825
1031.9765761743195
1091.0441807290856
1130.094404124687
1068.306456960562
1014.7733788673637
1159.7263765756084
1133.4228325056129
1177.461337703001
1158.375714400825
1193.884204223266
1120.4212513963976
1054.386228391626
1140.6394598284687
1111.3647976515906
1157.4208125726414
1107.7564189954462
1088.593842679117
1138.6730445894148
1103.2522193788382
1118.014879099215
1063.0156848837619
1176.2364494982012
1126.8790816637563
1158.0597181930964
1098.7802533389406
1031.2108784689813
1140.882619958446
1112.8236935544587
1074.7217309691941
1190.4974973253147
1095.7226177499329
1083.1770863490262
1118.9446623373417
1100.291104475536
1092.423650428881
1011.068692831271
1055.1195487179907
1161.1967303979782
1079.4093329467685
1135.7097448315656
1141.5097789496465
1091.0738452893436
1123.8857209778166
1090.2726677822168
1178.953692399711
1036.5509135094617
