1254.8220507410003
1224.3408605527616
1254.854514445563
1270.7516486927714
1235.503795846823
1216.8110297429912
1281.7575018427356
1220.336374110819
1184.410627771193
1174.6121178708572
1277.7633378755675
1211.796189377373
1324.6197512187136
1201.3958978294859
1225.0415861910813
1295.3671980945785
1214.6933402810153
1259.5338250266257
1201.8635493870465
1289.287074397847
1219.9981907105914
1205.2918623550722
1076.0381782233042
1257.1096127020255
1242.6095663669269
1248.303406109227
1219.0966964549305
1171.677047573948
1166.5181715959018
1323.2261821046245
1128.3019858759026
1235.12784568342
1241.8064905647404
1251.6954084207441
1213.1842059470935
1192.7203037431661
1209.556260306311
1311.8729712187974
1251.8690893629505
1279.4729747629517
1250.0120116125422
1336.3503428417673
1290.2087627693115
1293.5107294191716
1274.0777307336766
1215.0366812100688
1216.8317632453186
1169.4835099559489
1271.8886789904036
1193.413228100529
1147.9734829598437
1244.6120196748004
1190.517369206537
1238.4876470177762
1149.4545693849298
1171.4326949281433
1311.5276245038738
1156.3292435010287
1287.1657032328344
1134.8635477646158
1268.3072841055255
1223.1510071308862
1180.6458129146733
1250.956093602615
1237.6169896570993
1261.1501349766143
1230.752274999826
1188.9028047474685
1231.2808107417857
1217.9925974557884
1307.116645818038
1225.9932004430507
1264.7672021703215
1208.7372333517728
1247.191314855162
1199.6688164650886
1230.2619149056466
1277.3676290816209
1238.52894965149
1272.8285547918006
1267.9922030524963
1222.0233682870119
1182.702443582875
1168.1810044366578
1177.8230542128633
1264.2171348482952
1183.9717998740143
1277.0252955986489
1245.406154075915
1190.9274260284283
1117.9663732233646
1067.985160025267
1304.2769078676272
1300.5596735580532
1176.0986216530255
1281.20070660727
1217.912779243153
1240.7461486544275
1181.1384120456685
1232.1092590063258
