1202.3953435674373
1190.8654751386657
1217.769550297516
1314.0470812451733
1265.5948474776135
1221.3351683743574
1257.6737285856964
1173.1318835171137
1273.1599828702067
1223.9821141967234
1227.4942826428528
1268.691246109869
1243.6980300214088
1233.7095403973187
1181.8053122536894
1175.722321973208
1215.5736071151441
1183.368917272705
1287.232450475434
1268.1013362852923
1267.4616083428868
1240.2097776498306
1269.2899957932243
1303.7066886945254
1098.3923869424896
1126.428068241986
1130.0885322938539
1208.2164611875646
1150.6324730880524
1223.1248615757786
1199.2343063920453
1203.0575965238738
1141.9522076621513
1230.6770202041487
1168.229281322781
1272.3193472124187
1210.881190874835
1189.076999668492
1165.2307078834845
1138.6832672313358
1222.5754416584957
1188.9380318354006
1197.3933167017992
1222.193204473019
1118.484866841296
1206.3581206688616
1184.9902564850338
1187.0275084553125
1269.2619857491754
1221.5903048121224
1123.1555453280678
1212.3905857399093
1227.4706715501509
1202.5958590582648
1218.4389787447983
1228.3952689883574
1181.1551750863032
1237.6449513213652
1251.2032918365323
1169.1809555914413
1223.382560615867
1196.2429773623135
1134.6743695019647
1325.1351940163252
1135.4154271440086
1148.3011931774454
1183.7487530990743
1183.3209583938713
1217.5500686030189
1281.3007784572726
1199.9295638795395
1223.8872171520684
1169.0257750852677
1267.5250658028851
1162.9458614889518
1159.4648894029808
1174.4134050570126
1255.0168649443538
1182.7794216053264
1241.3422699764283
1162.8441443047768
1200.8756145353502
1183.0496316732758
1267.891051524769
1156.5251236408812
1273.3360778715664
1266.5296146511428
1100.5974873005807
1215.9707096303039
1213.948831963679
1169.9319186266148
1308.2858412535788
1175.8698659738811
1223.3782615452483
1200.1011764184404
1119.117684319587
1183.7045259398133
1141.5202293470359
1141.6710486654795
1181.5715286779425
