1031.2798048344018
1083.1691796149048
1088.233367844557
1151.1526521230173
1119.2269425982322
1116.7461421551443
1122.5821124024264
1118.14279625487
1111.250130549938
1210.7594489538683
1146.8963845595792
1222.95633191784
1077.586207969773
1150.6783780850765
1170.15017206531
1151.2995401150592
1105.0862489042415
1124.9301624699224
1153.9567286811262
1048.7576941481746
1153.3433614277326
1138.3063861499415
1149.7989839425798
1082.38732213197
1205.5878780368014
1173.7199581577156
1210.8948438147047
1144.8321633928604
1146.617971502705
1139.3515051916195
1085.9232315769266
1137.2187648830538
1229.5926835160644
1154.5893724659995
1124.1114550851237
1200.4920300158449
1170.1535618717728
1210.962083167721
1133.0224377471664
1072.883098589408
1107.314179974126
1107.6966108062913
1199.1462110855484
1179.6522249100503
1192.4806213475576
1195.4380646028685
1231.8962813821008
1225.374131913696
1098.3681513521008
1165.5283652342891
1167.0128159225812
1155.903617881096
1157.3034486186107
1053.4782330225087
1168.3822080689652
1079.1459058315936
1220.363248297931
1214.602082938987
1202.811513712369
1139.038250502509
1292.2532381116428
1176.3383562475196
1134.3729439279282
1132.7245081153221
1117.7895989011115
1154.0562995132684
1207.2621245514047
1165.1499391104355
1090.3669702661498
1153.4178161180992
1186.921731981677
1199.6183710617431
1160.3536019894782
1173.1603605786943
1157.3780853099067
1140.4461687968346
1156.367368511154
1138.0548481088795
1193.9338359519456
1082.6451438063943
1180.636936092307
1173.9568484994008
1065.499837734874
1184.0984361297108
1198.0889829879304
1158.7435385424524
1118.5413113514664
1078.2935843597584
1139.3072089524433
1134.1216547183953
1162.7832303505522
1211.3475906603685
1160.39055407252
1068.1124582901234
1176.187757980457
1140.5846095193424
1116.5567987137924
1189.8517702701304
1154.5198701006948
1190.4476768271568
