1085.9880688653805
1170.005935609206
1075.737312844555
1008.9244669097802
1096.8807761449236
1070.0321166027384
1093.94175772338
1109.7820029386123
1091.461134874643
1130.1650675177284
1140.4580864769948
1081.9116351460625
1056.4076603275519
1106.903637453466
1150.0900675734697
1155.76748658704
1101.0905254665709
1083.9870828487938
1079.1616194292349
1094.8232739899217
1086.9378778172172
1070.3883733887137
1134.5201652277183
1095.772611296281
1158.7190617732826
1074.6329191898726
1123.5127072312011
1095.5861561995198
1039.5947956378768
1097.125088285223
1100.7775697792279
1096.976826731358
1081.599443613916
1094.2820642369118
1106.5132486067794
1051.932508098547
1025.3391866352008
1085.430312970628
1060.896177843458
1090.6910443223853
1125.178192678569
1042.7323271418036
1113.033620525356
1158.4973956688104
1104.0532500983381
1073.8181260281197
1059.0619353268453
1091.3850556112168
1048.223617178549
1091.1880268730324
1146.3654269825154
1107.3464124971583
1051.2718490556422
995.7893073661867
1103.1670266774765
1100.1629648538128
1105.3996632469562
1078.6346662362832
1043.6721749192984
1063.3210278419806
1095.1028832402774
1182.7584520565665
1096.0010126987518
1134.868514553114
1012.3844767127296
1107.829277415455
1070.8901342504982
1075.6513297865902
1096.682276943796
1001.4743284315607
1058.0176452950377
1122.3756896974744
1107.4591914908435
1035.377285007525
1063.984648519199
1114.582229520375
1099.0662899964752
1154.3685583951344
1064.6862358298683
1001.6169927533405
1107.861133248768
1017.8640337115208
1014.1646679382283
1114.375987072744
1081.5138962048047
1109.7196669525233
1119.0841236749034
1132.0848275846743
1078.306646650632
1063.1619107523445
1092.9140636156153
1117.9105400713022
1113.1271697920738
998.1722485884574
1122.022499849863
1097.3426618655812
1050.3918170290522
1116.9541514104183
1126.739298313768
1093.0330221516633
