1129.7332184367663
1166.4688947697255
1138.684783295427
1143.6422383188744
1131.5846091763144
1124.319589524399
1029.937905213287
1095.0662768315462
1082.773956600784
1089.7805861777717
1111.7114917293786
1088.78160108634
1151.8260141976616
1082.6270907193034
1107.2794574446239
1148.7446237853428
1036.0128040711882
1072.5194791707083
1220.6769412803499
1123.50050033238
1104.8225556319612
1150.3360007224887
1051.4000614694357
1161.0889229485606
1124.626150283391
1165.0475917376564
1186.8020772589543
1127.910132910768
1132.620552660636
1070.9533121244287
1149.8665351333266
1148.840650444394
1206.7515848481437
1067.3967864777665
1117.6643698756434
1144.8102011695914
1167.0841284859698
1175.6346211051634
1128.010097213447
1127.6632597981154
1091.190680259625
1191.8373830371556
1089.7113587681952
1149.44255947415
1111.7780882760587
1141.210449606174
1171.5348415721978
1077.4810751777902
1110.7773527461602
1147.4562564663393
1099.5670336828505
1171.1065932923862
1194.516395077775
1102.919366321987
1133.5184574341574
1165.7770686472431
1186.9254253491774
1080.0181418897123
1080.4740825439742
1206.5290635559832
1162.7003737715572
1164.4506288608832
1143.880722166177
1148.6573433475837
1173.4159375958375
1153.461970377774
1078.1230701095733
1129.3657978995348
1128.5937062266487
1095.1910903443556
1180.9708405770286
1096.0149241808879
1109.560191720908
1197.2346172574953
1092.1598852958552
1146.0822884596155
1117.580985163865
1158.290815555178
1166.8981684542246
1168.6223010239387
1188.2440250996178
1159.2422082840662
1162.540800292713
1125.3882590333633
1092.0346751954057
1064.741097428758
1110.2049172033035
1180.011003838835
1163.2075648377813
1163.3032657216577
1117.7890123523132
1124.8034583288927
1096.29912411817
1151.7147890910803
1119.4812785351648
1161.1039859000284
1161.1212808900564
1153.859148614574
1181.1681917688738
1073.3028445302318
