1062.2206583895272
1054.4497588168606
1184.4299297161476
1144.0204457712432
1143.3801980833073
1101.4379928339044
1170.3065030661933
1135.2102773336103
1128.3965867735808
1167.3544021467085
1147.5066046045665
1095.0817264093066
1084.577388129403
1206.2080158880021
1206.652603607165
1108.9187477761172
1092.0238608149648
1112.5967043642772
1022.8037741338844
1078.5078844054624
1148.503627999261
1184.7547644892552
1155.7669675658376
1141.7916901616686
1115.6220174762007
1175.4971746470158
1165.0110620897572
1148.9138671656074
1135.906409978186
1097.507550276005
1105.1880735714076
1166.7512888759431
1064.7011617959558
1130.1689978336092
1128.8926903023444
1150.7071185168393
1110.8055494892124
1109.4792392688976
1158.015608680803
1127.1580534150585
1173.0693956450484
1159.247612901336
1129.3083499398654
1111.9624436122135
1113.4667285017138
1155.3767627463155
1162.2599796809263
1155.1296074618515
1166.5431175303304
1180.9681031944804
1134.3311647887394
1078.591092888292
1141.0669017710914
1127.2102847371846
1054.2735173770814
1127.576262486784
1139.1705482610544
1048.0226932226878
1186.623967798997
1120.616434797922
1050.0492671305876
1103.1943935567756
1056.4782422927208
1151.4422027867413
1160.6609568189083
1119.1035615767246
1108.2952360605182
1122.9948947904325
1152.7163060029277
1121.4134683461418
1151.203420673278
1095.8296841831143
1087.2212590461897
1036.7555867006758
1088.3597354035105
1123.8604616629154
1068.4746860843165
1100.2872680780058
1157.4757210446178
1088.4503734000498
1024.5491822008682
1161.5102323315973
1101.9624218210088
1077.0944017422091
1179.081545821221
1109.1418250089353
1125.4951703913666
1142.8351349412237
1159.447815560498
1096.7838044480627
1116.798675817162
1061.619195304487
1124.3042435761447
1130.5381249527854
1123.2761534833287
1121.3821942095558
1152.0024118878691
1166.127733908472
1199.8792573588535
1131.7297392161108
