1094.4540954705637
1126.6331033364388
1176.5283608260875
1167.6531854376515
1134.9820200220042
1170.2402545272525
1116.7146933104555
1100.4154897865076
1066.5459053402576
1085.178411833557
1152.45510813943
1130.8023804194574
1133.7425402565632
1205.9335057528092
1161.4393958991618
1192.196041229906
1206.8460970230497
1096.529288527889
1152.1347740245487
1151.919875569351
1123.0758335621035
1166.191674971722
1081.8776075343073
1104.4449584851227
1152.5728880535917
1125.099921309233
1122.2072615586505
1089.1026789081093
1160.2295298489762
1117.4411819471984
1138.4412266059437
1154.5949334031575
1093.647223270093
1096.642904049131
1104.2380316078077
1105.3261129643097
1138.8445583865246
1148.4911875191733
1214.9241200658366
1178.646472663827
1138.2640696170636
1108.758778585405
1016.970588711829
1099.9637993109413
1034.9263782235307
1135.9580573991814
1109.4836871243033
1106.734054741226
1084.8202203777666
1161.0048015594127
1107.2273011213206
1151.9442375085646
1113.864445846097
1138.373722758473
1261.2582960033608
1163.4837964628402
1136.7914182872842
1185.7557131624103
1157.511855708807
1188.5059699018425
1049.0303611687646
1189.7096349905794
1061.997106942389
1182.0785047292438
1114.5455007131536
1152.9719666667672
1161.6915273708655
1203.400852796668
1055.7386720693796
1162.9275254080185
1125.9454674650758
1189.9565411625165
1114.0925667025028
1104.2610726050316
1168.8114031114073
1078.9416668866722
1056.7204879939848
1107.35821539014
1108.2120570616214
1032.1351857109453
1133.6337296477789
1149.5777879431773
1099.9124969611444
1132.1145315820213
1203.978103719122
1139.744851042579
1118.360871186187
1129.720291687112
1172.065604442904
1096.935812306199
1076.6157262304398
1156.4717111742661
1097.9974857899474
1104.9478286329008
1104.594351493079
1096.6039249117107
1147.0533798141157
1128.2897022035386
1024.8652890832816
1140.0484503315263
