1085.9669335430933
1019.7227159092669
1004.8969651056672
1008.4569452232951
990.8706799318433
960.1016825838399
968.7984666707852
1072.1065477995646
986.3826685968478
977.6140517862893
995.7959119811956
929.7990211415903
942.4150745171565
906.0583086624639
1015.1596094870263
1087.9826951167483
1006.0528741722228
1083.486262565944
1019.5662242272276
974.2430313162984
906.0922667191471
1042.6858979033811
945.2869888922509
991.5642042661732
951.9736832065204
1049.8048548842148
1000.4079850359483
996.5923010432543
981.8418882958194
1035.4332540655107
1047.8397552947438
979.5123497811626
954.781243460737
950.1352019511161
916.8729542520088
961.5306591085422
1033.556236676686
1014.753124989456
984.9167988257216
940.4170895053466
924.9210196040344
1056.0179993834522
968.7701219521609
952.7983628601504
1011.6239331497128
1003.7093000172551
1012.7637967274642
975.4173995283184
1094.6207927699086
992.5772927526631
1053.7472271940742
1061.7778601673808
967.9163480459437
993.1646258316505
1049.4131216088797
893.2591805925798
987.1776933450918
951.8267908170583
930.8040737299347
1000.0296240660821
950.3421894931449
979.5409869914954
981.8301201421601
967.292012209363
1045.321850979708
1106.007455431637
1056.167070896465
998.933197287834
961.5182239732688
1014.009593604358
983.9455975061353
969.8823287790544
1044.5778513038206
998.599898977033
996.8595503483962
1028.9365345302324
930.0038634323485
971.4563405642438
1021.8582100043212
929.7673213587167
1037.10374328285
1012.8120194244566
1066.132250845255
1013.1931724299633
960.0582134035312
888.2265313565771
1078.8707894323445
960.7224948321731
1065.638056455446
1023.4628923204832
933.4354980465138
965.8455293911886
958.4680162074561
1073.3107710170634
1065.7352081669794
902.9395417074209
968.1805744675687
1029.3143082691895
1071.3120873635908
1002.3276913240875
