1006.5057996579967
1058.2990410530488
930.0430119951351
993.1652743471062
990.0908351711521
956.33347359568
1005.7069387040899
966.1765808579913
962.2670707907758
962.3183107137269
878.1602072192383
1069.063988874629
993.9451602256697
984.4397292175692
902.3930131087942
1065.7191264783983
1018.2925085976808
878.7001874547221
983.4650239215341
980.0360338958897
1020.3794411994296
992.6380467902502
1080.0382456618054
1045.1891962077757
1049.0169328467912
899.6109090741277
1010.435322298848
997.5616972939762
1028.1666246509383
1025.3256561325388
1033.5609062024844
1111.820813015347
1093.6897966104473
912.4433401807324
956.3674110490941
1106.6338197600255
1018.2407170079555
955.7005477237456
1050.8653356396665
990.4289471886726
940.9336029493489
1027.5856520854416
977.1353091348678
965.684356805327
1048.318552130044
1053.6231252651069
1022.8101577029702
939.5555473001609
957.1988487311339
1120.4909128199458
1015.9225395965011
993.2347814569496
1047.9658834712852
956.2979061363122
999.7574745225245
947.1476250599426
977.452572451359
1088.243399785917
1033.8353681317524
1064.1779929440509
909.0857173459444
960.6882354425925
988.0943810503255
956.6271635845735
1047.1967760779592
964.5493754030634
985.6755225094765
865.4301202048872
1020.1637524690683
889.9630941446816
1024.4142964647697
975.666813478059
981.4631799685591
933.9982529885663
959.0588885785963
1026.9585284343495
1063.0539813376622
966.2985666831806
1007.5969389325107
895.8258629363067
966.2676895653152
1036.4871749966505
971.5190064444997
1063.564173402751
931.7981017976675
910.6566619919563
976.5662721870831
972.9338854247532
1016.6736496520343
979.1946853619596
1075.3981130256743
941.207613861563
1050.502544595669
1065.117668908991
964.5253611040798
1026.860159971171
902.3965252504005
1007.7433094850854
998.2984480242021
1039.8497650221418
