1012.2884791917885
1112.0721960726992
1061.774509242978
1014.9279299601887
926.1787814394902
1029.3092910503356
1081.547055326359
1028.682519137488
1028.466061134013
973.8057336956387
1072.1425422969685
922.7146319455262
947.7746955474405
1003.7329727374488
1048.7104633844747
856.392432718377
930.8971181624263
961.0323322532149
985.9496449940369
987.5826979613946
953.9321010808409
1059.846149265566
1033.1399830526898
976.605744098301
1011.5703283528384
951.5080328201184
1010.5278456424558
1011.7051516225451
977.6606421229673
1036.1262546904788
984.8037806531953
948.7321428584551
998.3659090831272
1007.7098409421193
988.7457330541089
988.955408819933
930.198891912745
1069.6815658251776
943.9859780582871
976.1944952300306
1052.7197501263308
974.8151416862015
997.6333257761653
1070.419550236656
994.8930856470334
1036.151366262617
906.0254750162934
1060.9288337430846
1023.1658068841678
1033.3097658518054
1099.7893629955868
1006.5474111254441
946.6045865648111
1016.8439030034821
1022.9209743726666
999.9204605617447
1022.7740505545281
993.7988759895333
959.0317585018572
1016.259072207825
1084.1337342107136
972.3621018839533
1010.8589764806494
993.1774470937601
982.9342669352294
976.0175175537848
939.2653146295734
997.2887116649814
971.4503406097374
1030.187176528605
911.839744727809
1025.5535453321268
979.3350309446539
1014.0234911888056
935.3046255701977
983.8146347166211
970.6293367130023
996.4538125565232
934.115599293161
1032.518354883078
969.6077083972907
984.2192246839215
979.6825700978666
975.2165055560062
925.6064844388156
1040.4735834990981
983.4789542370598
994.5931613938907
882.8223616577072
995.2886394093199
1001.635870920301
905.9311257699087
889.6821858312085
1010.9930130833968
1010.4301097701642
906.6699869849816
997.0424650190748
1028.510139570422
1075.5301404522038
1035.094938542543
