936.9769797989698
919.3926263808019
971.0693420584718
909.4946291680959
1010.0770319934063
940.668433247672
1013.3123642298912
1057.3565499965232
980.0264699930087
973.8869978216813
974.0684413588651
978.8731199092507
1028.8114543792021
1025.3651749214407
882.5326330628013
1042.942960288948
994.9467061017384
961.8835811189294
967.4879598790344
1023.4565873843966
1042.0265579141112
935.5512949023762
901.8890396282726
941.3534161206694
1065.6070933726953
1007.0876239778497
1038.9456540316698
1094.348556189229
1024.0274234551985
955.7621867886184
936.5655077299319
915.6010348291264
1026.4692428980866
998.377682163905
991.5477780974152
960.735205303942
903.6203988090832
987.4795367646611
1017.8436165440776
889.3982523091637
1057.8043082505399
1025.0305720854724
1013.0218878150575
1003.5251995750391
967.1537594425629
1002.7431944563984
958.2721035112943
1013.3260692202103
893.150626586251
990.952788084683
1060.36235355616
964.2012650643167
1008.5594233996902
1080.748714710696
1030.8976452788188
944.5564611626716
1013.856474839631
1024.9942307800038
917.3432336825949
1013.7461939068899
1012.4933925153263
998.0428536511635
1050.3257371269037
1011.2674994704406
997.6218452971023
953.9746113957476
966.1626529742663
976.2263242194565
1064.580526432188
1024.410084786138
1017.6304628320632
857.0216455153687
1011.0301427658316
1028.1263846142645
988.4713139210135
1042.4215893070461
967.6090652362919
1064.576163598402
996.591141986356
1002.013174562191
986.31603448412
1040.339606041726
1021.3159955460115
943.3237249633952
944.1029211501776
989.7792750318051
965.3087412573893
1010.398941493509
1053.5923800097005
986.5853525475943
1055.758890120704
989.8638125850534
1015.893231593582
1047.0992500454634
1060.4508231734994
1024.0271186716272
1024.8407714473506
1030.4771066738676
941.500006447348
1005.3234456004736
