1062.5827978382495
1089.297885891398
987.7208736614817
1099.155347228899
1039.8557418684868
954.9479826899194
983.3889517898017
1084.1108607624253
1060.497292601235
952.6910180605126
943.2491798007674
1072.8763993306789
1014.684488430644
957.6662215125599
948.1859937180345
1006.6105738341921
1065.336358374536
879.0687000941367
1011.9842784880468
941.6546563336624
1000.6877101700893
905.3750518447974
1059.5859766079277
1015.9919082489255
1010.0369974884939
1052.0231129962174
984.0865853912127
1015.7618442435744
988.0933867188999
1015.2303705812764
1035.4033395259567
942.636162246168
1078.1802833188365
962.487311941153
983.4125317113934
929.4529707814683
1022.5537435852226
1033.4286765549098
936.0281207401066
946.5354980104696
940.1534678180203
1063.8020717258696
950.1633478991557
1063.9752458413732
975.9306467557034
1046.021526858924
1028.6869699313145
1044.272288013873
1054.6545559470044
1014.7737341094368
925.3880218187122
1012.4928418116533
1054.246217053784
935.7498644197966
999.9467010693718
984.2033959340393
1045.2870224728072
1011.5108993341154
1031.3821760998667
995.9640801077269
1013.5819590721333
1014.6251824582607
1007.8960897687082
1053.315777977492
968.0295474330906
1000.2509742531453
954.8736297772666
1066.814708868955
998.8699036378202
954.5841172255458
947.7156086969363
966.942674870143
986.1652070746799
914.6141535018088
957.2980458265496
1056.4525271683858
905.2896339832206
932.7088678880875
936.6168183419627
1027.5912043991423
999.898819505975
967.1843804798393
1034.494680502083
892.0126407632335
1023.2506431124945
998.8744951109053
950.394940929695
1025.8450674087883
983.5071725898249
887.843397004829
865.5455132534591
1015.0202131284667
1011.4612769301251
1093.7823725884216
967.9331738548788
993.9338949207555
1090.5278340991588
946.5121970005168
1004.8557242661678
966.2434598110708
