948.4590907367506
1014.152337306096
967.0770248247976
1004.5706529531066
929.1708681419875
930.1749479385365
992.4936020697256
1003.722020603021
926.8710506431972
991.1036605592572
1012.0618398020532
1025.6068026277123
1017.3388477282499
929.6504522647016
965.5764389439745
971.0387572625923
969.7168264255139
975.0433417175276
1045.384529606565
1006.4056853086503
1006.1432199277857
1007.1708080041658
916.8146267403826
961.8335965279985
927.9337838585715
1002.9159351191851
1065.3540223024502
912.5230252912654
1055.3584106804592
1064.81477560584
1044.036892767145
940.2223405731486
1002.9551038817056
1030.5543056153806
991.153528437817
998.4152801278273
1071.3915991142796
988.5506603529855
954.0289689609539
1069.9695220543506
1028.0534069947346
991.8503772838038
1040.740948940543
994.3266433437295
1047.9250829823209
968.4492355228465
966.9053947256662
1019.3938855415086
998.8334303079303
983.7023671828927
989.2332868043103
935.044397172653
912.8397472732877
1032.326527234622
1063.0831586893462
930.3766992300607
1032.8189832253022
922.3193707307834
1048.550329580247
1039.1985941996816
933.0307376027503
1022.2838694154941
1044.0590355700483
1085.0116405003703
936.8179147794832
1077.7769405950655
1036.6246063956353
1013.8807100582928
1046.1229792344616
935.7219393205054
936.2106543131728
978.6860176276894
1057.5341756012845
1066.164341543152
977.0035789160039
920.3549410748601
891.8366793212173
1080.7457404409738
902.0826435385268
938.4920505597545
987.0271613593984
965.2173304145681
891.320709635663
910.8841185038352
1033.3312051860435
1022.4220054336512
1050.3103843963272
1002.0885596772515
1017.6840649636994
1044.2889393702776
950.7683892170517
1070.3458151122518
989.432316462449
962.856099497396
1018.6203149124459
967.8067035234895
979.81969144678
983.940418027927
958.3748608783626
1012.3127602910827
