1037.6050440604104
996.4834437722126
1023.1817902407463
947.0994441995575
1033.0415107826775
1043.8080348995168
973.560022878729
980.9387397300087
989.580165287369
979.9874704092315
990.6507516035199
1046.3279035718417
929.877470898504
983.7065172024788
1022.7520793682747
942.4586512353344
939.009404880979
957.3430539875338
994.0815351018748
1011.1618180949038
970.6014051487429
1022.4330774840663
1079.634300983713
1086.9518256299236
1036.7391221116488
982.2273926537392
1088.8929387025714
1048.3546131326927
988.9033243625147
936.2466128889048
968.5595366542245
855.9913148379892
1052.8335953805115
955.3307818669133
1046.5978251663357
1054.7224593740227
1058.124060854804
996.9679364757989
938.2874295998448
1000.7130009122386
973.4197395263218
960.9526420541574
950.8817810863455
1072.449662732332
1091.159849782046
1018.9234942586221
1013.6925271664275
991.3160608019763
943.3457492748579
1005.0853845275301
934.7315638422772
1027.689925305322
992.8263227963424
959.5745384873815
1025.5803434918844
974.0733349255433
996.8292879466325
983.7854907531952
1025.172429548897
1009.0538594069275
1058.2412989643472
1001.5936172432301
934.714935748453
1066.9476723345595
945.6200086514455
973.3294448235154
971.845540100576
975.636557411288
956.9802238723204
1001.3758633854928
1008.9782996361874
988.9497494465905
931.0540160905607
997.8692106327187
1088.7391068571042
945.3287280737012
937.9504204409634
1049.397945848782
958.2649891447467
980.1301119077729
1070.1258169313555
989.9348086282047
927.7863344260184
896.9310814415163
1008.6747995799944
963.9292150100348
1041.0776999595048
1069.6695809707335
1025.879618314551
1054.3588815823096
1033.5159559246651
962.8608934875538
990.0568666609937
1086.080818681736
1038.9143483387
1021.1190346748576
999.9190739478651
994.0846025383127
926.1469830154546
1028.7304701280789
