987.2115047949937
994.7679298542856
966.2750226850193
937.2498482051034
949.1731315054125
1064.0964865068645
1035.9985918329103
928.082450524372
1017.7539890964157
1078.5531336889935
945.6559429234492
1031.4189657337363
1025.329398912302
993.1089237418657
1000.0751124953189
1035.0252441845123
980.2447487091613
1005.4184551153102
932.4090050639254
982.5905855006547
1046.687727693089
1050.7614100796275
1012.0968360210493
916.3872812647016
1003.7765576579975
977.4690644422639
992.9003318250975
1012.8101552840571
943.205314916698
999.137219721268
986.9013317110904
943.8196618872124
921.6867144100145
983.0619154202933
963.3834785371929
941.4304031348753
1038.640563318688
1059.9488455075468
1048.623874224722
942.0968682103965
1005.7023056898923
929.5598308264365
996.9316477038075
986.9315933609713
1035.4001049612386
1045.805055969561
990.2216530885313
950.2406909057755
1059.8279684567374
1033.4091333196013
976.8755952002937
970.0718258860475
1056.5754753561653
1036.579018017802
949.4567388134442
1008.8722170408986
998.9297623719326
1004.8741707311979
880.6951090877923
973.4714177784664
987.7209573647582
1030.7837912436062
1012.5045971005984
991.1130912257436
991.2838344327636
1032.886187834206
902.9697246468018
1015.986505678684
847.9372751960082
1056.5767526269788
993.4617284762571
1026.179236299192
1123.613606827721
942.5329895151882
976.8867461200032
961.6046141598194
1041.92121461941
1001.9485209591905
906.538675897519
985.1347809956076
959.7421409369699
945.8797297084924
929.4951937766288
973.1175265987645
884.5253517759534
1001.7434536769307
1025.8172390841214
1017.7763011330408
1058.5393630047167
957.5528238993966
1016.575841552805
961.816007422918
1038.6723606389303
1029.9581577434192
1012.9391776507504
957.778702421505
1001.9064441666592
1067.405712673572
940.8655839959437
1046.52845285958
