988.1081463241164
1007.13117864885
1037.3306896405325
1012.529860954367
954.8354455871261
927.6265129056019
1033.7978747318712
1004.1115527146643
991.5036506872207
1054.3393398798187
963.7258474490003
1024.4018275693713
1050.975155067033
1064.1685372999793
1004.6978125226624
987.037417748653
1068.168431869444
1051.5754932571076
945.1015178443118
998.4983020475097
1012.0011961741125
1026.5992346601768
1032.7157700831885
1067.697929703047
1000.9599232706496
996.8883445333881
988.8958906420894
1024.175959907492
996.5451032771724
1011.5090734660643
1045.1214717070513
1035.7098131867006
988.3471129140895
1044.2334835297772
1062.3904420047265
1067.7655519787575
934.0069727068463
938.4438652605621
1011.8973325018675
1029.314133623702
998.755953127266
1022.9010338276263
1023.9234107279236
953.081694178429
1003.7953085396064
992.893392360121
1017.3842436444812
1032.7620116596793
1032.302577298938
1011.1913692639046
934.1841026033964
1024.6005724124284
838.0390075389369
947.4872951729448
1003.8641257979012
984.2467525258834
961.8470973283972
993.0654976087185
977.893070860769
1023.9665129311686
1009.2939895603928
1020.419756063717
1019.6975208691554
958.5525448101102
1007.9459272434957
948.3930723833457
1059.7129724363278
1027.970878700694
953.5511877978138
946.9034303940683
913.8108266314027
1053.2507021299384
998.1104920294904
984.1434600823263
999.341645341936
981.9139496388863
976.0834973858981
1106.240509000215
991.1656038668491
966.3761643401695
949.5804570773304
1046.6815801870675
1030.9863835342371
1090.3029109751926
1040.5881483888102
917.3896538505522
1059.9963451214066
902.1739164064013
994.4849196132885
1028.3722607584887
964.2173249000886
1063.9187774343288
931.7271001195261
969.1145720382036
997.329735171797
1045.0172085928352
940.5564251366765
1001.8844075623604
1017.2291806895159
993.6968962734725
