952.9203377675616
1005.6643125504555
985.3546198423109
1011.4144808846683
1110.1035412215822
961.1020130403792
984.5981447950717
1033.1663914939206
954.0963593799239
941.9761529050389
982.1514965338342
1005.8782353793234
1072.7568087769744
1065.7786629877178
978.2609392290442
1002.8494946053139
974.6369257170418
942.2140724411005
1106.739996388086
1004.8682908799077
986.4677315470601
976.9920137055523
960.6974336045419
893.0707174458469
906.3292256903296
974.183053885618
1010.6041866290956
1008.6895294842186
997.7587807589907
1030.4220759668735
1066.0589912550065
1047.3437366863245
1110.5228984171997
1000.3130045625039
990.849054939357
1030.741983378931
998.4380885107895
1086.1241527079933
1081.0784034877197
1027.8987102588997
1007.9337252485957
1010.7190397182133
983.9456452268722
923.5414164221169
1012.1262901246602
976.8307291523209
1036.2039848689756
1002.8455537516835
999.8061393502957
923.4880452336174
1053.7959460269
991.9632271547389
956.7233831442597
1037.2781788510956
1035.0791532980618
1047.7170128794871
1031.013373381294
1038.6327047445782
936.2799518966887
984.7103658946883
855.8034805186923
1045.9100160304863
1094.1957640660098
1021.1165917220468
975.0599817636471
992.7503561196928
1050.8175420829793
998.5193058685029
1004.0738027033517
997.0789837739477
1029.3418074062645
1055.274473174756
1026.6166795039735
1019.3659119617007
1005.5867831612388
1047.0674335875367
1038.0139345499656
859.2353107758561
1061.327685745818
999.4748491840959
976.1504914085172
1095.8492029096828
1025.4491675003153
913.9775356079571
928.3698836015457
1028.7622384285107
1035.1480971135677
947.6301995304157
909.5474936883112
932.6868117430992
1011.8973059480245
975.0910702794927
1102.2012364302923
1055.2582646404403
1066.6295308442325
1074.7169666778498
952.2092377161188
991.7769221662944
1029.0761710020258
1029.4078394192175
