1056.0842756096615
1034.8677279459005
973.0884978808615
1001.9334918546177
1000.3825040592216
1056.6978678967032
1030.3902119473667
999.8754109434436
1038.2513634965253
1037.7253229796547
844.086575797131
970.1149206087882
941.5801942469727
1006.7169279663431
932.8053098274622
992.4391546732816
986.3620327295934
931.8867867887867
1035.6585905350494
1042.3278591135067
1046.5895803900892
944.3763377633074
1009.7763479321877
1057.7709935836688
1112.4341672789233
1037.9660937375907
979.0296873885637
1014.4499384328486
1128.2231617156233
1054.5600067278958
1041.2479992469016
1022.6979181444582
1050.4988520206853
1035.6574006033222
1009.1717939329584
1063.9778704731036
1046.4754755793103
1013.657916989009
1112.2663983704945
1062.7664858458963
1062.943361803193
976.3390232874413
997.9425369537645
1010.828874914888
1029.773168731327
989.4413177687906
1113.4138788262405
961.8073850432351
1007.9226706883121
993.3307066480634
1040.5640297173773
947.9535090925458
1018.2950729145109
995.2109958750794
1044.6031624031677
993.7212316846017
1022.040593688091
956.8619183815572
1021.5086694114588
1032.563951767216
1037.4460684749213
1008.2526416163446
964.7674904644218
1057.0552919008207
999.8365046451023
1067.4004714316318
962.7507762149054
994.261754161851
1062.9852127591969
985.2790531535205
993.4489752379944
1056.0869025908478
996.0839069312806
997.1145392429612
1034.4490315254693
1025.58007120892
1057.037430323837
971.6242978265216
1077.9434948161547
987.3154317029546
1029.8033557498904
1031.9929221031848
1058.2453128935877
1024.1520544428154
1027.274102967397
1044.202480127475
1032.7004998627408
1033.0636935302396
1108.9998310551973
1035.8132954862165
1073.497851705016
1032.3779468930538
999.5345301042162
1081.023589595703
1042.795396044262
953.6420369824291
999.3101602537292
967.6698190626876
1010.1362167007034
998.702212675703
