1055.5831648210483
957.558272712572
967.9399861392218
1017.22998735074
896.105154260323
1011.1646236608265
1042.9696290917798
957.7413499532984
1115.2371433138853
942.7856616504229
1010.5775271772209
1014.493330731338
981.9777329350449
938.9462283452003
1092.1605601615515
982.8085989969951
893.0317790321104
1036.6589482291529
1053.905056927583
949.9500205797933
1046.8504615324669
926.3541652185293
1056.485163253282
1005.1279503864756
1008.6060791701877
1012.0638361979929
1051.4125858921468
1038.9744179500613
1074.4420873304034
993.5480758311988
991.2463850686582
1018.5960952683165
1170.5166358381152
960.8544272738034
967.0869311087201
948.6794252000733
1035.4027769909046
1037.5649343044388
1021.7750178907028
1081.67860024735
972.418632879987
989.6286603927377
1112.6933262107211
977.3101359426487
1039.7235012550154
969.2047874590501
935.6233473758086
1014.4024702426116
1029.032467380426
1047.8263880548543
970.0272826128269
1024.4468746627706
966.3889822128515
1059.149106593436
1022.6931167165613
878.8122236804708
1015.5289168158866
1009.120305706798
1033.8183354918324
1003.146037662646
1036.4134645743513
1061.4785451026264
1046.4457178587106
970.8857615532997
1086.987034251612
926.8667900273333
1055.3120625363263
935.8897462269102
1023.6821423763765
968.0343316867778
1005.0780939227602
999.3794212576279
1019.821610172251
1023.2119636598211
1009.3702072298172
994.0765157598315
1050.654775437627
1084.482345775519
1105.970520180945
993.9305175386189
1005.6241778730987
1009.9760120304711
1077.9528098766627
978.1245724363127
949.573605633989
966.793945875883
1048.208181312121
1001.2940076531492
1032.1840875618639
1029.4441582644392
993.0143898932093
995.1477352647651
1032.877153110436
1051.505812629283
1042.349846573082
971.40475458215
994.2229583297072
942.1058264121693
978.0728467783335
934.2179248157103
