1081.4561345174857
877.2530878850599
979.3512677969757
1023.4249845942445
1015.3274267124821
1092.97677576923
1047.909699090814
1004.5635420540715
953.7283574711038
1090.318193970237
1020.2656450803585
927.8275155171143
921.7927708822199
1019.9924208835608
971.1307536602009
1036.2995017210394
985.5696475997103
965.0234910685573
905.937584904188
1025.1968334542282
971.1045004636579
1079.209591790353
1080.7383027944597
922.7260696206059
1079.9405583957978
1021.577802384117
1041.1355217101132
930.89540895461
1028.826264437986
1041.7154062621373
1041.029618878312
1009.1228901964365
1070.287289956914
1062.6374671425058
979.4333498666884
1039.1915746035463
1034.0178249458759
965.1296702509762
934.0340290928788
1006.008354102446
1043.1689371475718
989.7642316660522
908.1745831069751
996.5023544617263
998.8510290500908
1133.2233183993137
1057.2210285562537
949.0411400803085
910.6283220054539
996.6106316159834
1074.8682689227867
930.0241355038472
1099.6048792797167
1030.8742524208196
965.4211825225576
1117.5105860387375
1068.0907032104517
1095.2692332490428
999.2056209812976
1062.8718880769088
924.456423946346
1061.9603939036267
1031.7951998492151
1087.7847646800897
1019.6795919056482
1077.3646714588483
1103.7248450722618
989.8425697992325
933.8495234199139
1077.019147826925
1092.2915529533518
929.2962776360225
1047.3307249036598
1024.0607145635086
988.8190673632314
987.1484956476953
960.2227890439154
984.1804129334513
1020.1331186882287
980.7419174830634
952.9707049841862
957.837012606118
931.8094793002165
1140.4436050140584
887.1503140246631
1065.5210617842897
993.8771832596083
1018.9770766963164
1041.885727412399
980.9351530764314
965.1691925424508
1023.0102179628669
1034.6024570105012
972.5003934044762
883.9950912005587
1026.9836445718722
1080.5152965308584
1024.580823875194
976.5285043356344
971.942828279919
