961.3957576596895
1042.3461663887279
1045.3824229106965
972.642695607427
975.559534823643
1016.0729845020993
911.3441038323184
1027.2416762870462
1114.192925588927
1020.2818884000059
1003.8026578017423
954.4296851434027
1059.8519709819445
992.856523444665
1078.809852906131
1031.248622971016
1009.8024561608127
1006.9876498280221
1001.5172597497609
994.1724859829385
961.6620860247494
972.7801739382634
1003.8959014701799
997.3279763565043
1052.0883682245098
889.6684104345597
1111.4235718520033
1029.2713892970914
1046.6465225463894
964.0926428498624
946.06628744014
1041.7189292973105
990.390212216471
1101.8460012328978
1022.7000264912855
926.2254192993939
907.2430483671064
1004.1508523613642
1044.5031272456513
1004.8762757478122
1066.237795099999
1028.2988251925608
946.9425975277537
958.5075506150874
991.945581726178
1015.0707240327195
948.6389064773613
936.1493548405239
1009.1206138925388
870.5183191870223
1125.6194586556965
1087.7749510710596
989.4392892850924
939.5998058480077
1029.7722173278516
968.2913414404975
1107.7483579889918
1019.4424751988136
902.6399308583505
974.0110334690712
1004.7385451651606
992.3544210847244
1008.3094824951032
941.5925711908077
1028.6489934731069
968.9223272905992
1065.49702750608
973.4711395752197
971.3887655864888
1009.8398776228469
935.3758119159032
992.7793867835746
930.9070607736426
1010.8884191817575
1076.768470945414
942.3848421552199
1102.6309823849829
1033.8299227436153
979.5466673528774
1062.2847207018435
1051.5815348654835
857.9588616145962
1039.9363599343103
1048.5055769444825
1082.8586606291835
1062.4707996489417
1008.9517768068657
1027.7880234970542
1033.7495607155388
934.5762722363197
1030.8853154824349
972.4454770159053
1079.181627775921
919.7244164904523
1065.6922199067785
945.911821486157
1043.8930541192672
1100.651129604261
1087.3007410964024
950.9618028166159
