1005.7048072363928
970.5856366531059
1072.5310975718262
906.6508026182004
939.2037485691087
1043.0811816104733
1033.1781034259911
954.214102159454
978.6297082177445
1023.0506514110223
1046.8122368450927
973.4311871748074
984.0779810425441
1052.1896369940005
980.4192976813539
1078.460037328513
980.6670207814482
963.4877170075196
1048.8801862704586
939.8423677972006
962.4309037754293
1044.8330853336815
1039.0879304479022
997.2483519242439
1080.693646372947
1017.3668423117728
1009.4567041232417
1037.7535462457724
959.4743705067616
935.6093909176548
1039.5907580597163
1024.1489296254845
1010.0832025611068
1047.9161671208767
997.0572060651211
1000.1073767640967
1013.5068106398131
1067.244868820269
912.6240031440133
1058.3253403488004
922.0629093862618
1023.3091429078219
1126.7595608317938
945.0392715770171
991.4355409589147
923.979176305318
947.502595241384
998.5145489478558
1018.3520213898541
1107.3281059364854
1065.5410117261858
1037.0275259701125
911.6809505255299
981.5869227864948
921.8726780391612
992.9403244517289
1053.9390199420145
959.2232858096864
1035.7147982721635
1050.3987148505478
976.300762497687
1126.9738422877408
983.8972187665911
1086.3093445143588
1007.3795140542019
1081.9955925007787
1172.481391022691
989.1069438966463
946.842549609015
1019.9053439270157
1053.3597190601495
1039.663637264585
1047.619025155107
1008.1043955718081
1056.0862473594177
996.0147213165361
1002.1284465436352
1052.9877325975096
1024.09749142668
1110.4256853276222
1030.961589965009
998.0200576353649
946.7139944430227
1144.1385437489662
993.066383439836
1074.1026667359854
973.850815106325
970.3432636607017
960.0309602628801
1016.0880607949586
1091.0264192017287
972.2095702420914
1023.1763323456183
1039.765507595185
933.0880982355969
1061.8600285784012
967.4630860645178
1088.6586557653845
1023.9253871418011
1015.1392246137578
