1032.1275660257024
1047.2925958858414
989.1157854625652
1052.5050915607135
864.6787792872213
1001.3948796500616
1024.2746628394923
970.5637180550386
1060.6484579929763
978.3822485956018
983.6752195408709
1035.80141588344
972.6841318619996
1005.5279877272974
1009.0052812091442
1063.7611368515334
1035.1441451788432
1024.4500022170887
929.0762662402308
1079.4227209741225
979.2616593637566
1056.8413745960825
1021.67408414198
1038.9121455380332
997.7360120680056
1017.623527647021
986.9594643201075
1027.2695187707754
984.3992104374499
1048.431742904456
1035.2555259150513
1042.6982704327652
1023.1492957410076
1022.0400057767547
1007.3871068582231
993.473734525971
1017.2757709290261
1026.7336980337461
1074.6064734131326
955.2966434567956
1088.965277502559
970.0136707259165
1059.5072714607045
1018.5600017720648
893.3722222616097
1073.0792871063563
972.0647741830071
975.9724424079606
1058.4969095028766
1039.623516448843
1005.967665074657
1034.507974155237
1046.6808103600226
1048.9106878706407
1003.6787594887041
1072.2377775833022
1041.259866449522
1055.4142454276018
1060.6921615822719
989.3715340048902
977.8589698868817
849.2718372998204
1022.3975297695088
971.3722120397756
995.3968564215309
966.6529734465363
990.4839846892885
1126.8815281304824
1005.9160729638035
938.0202017360576
1068.7123304911029
915.7731029806382
1080.5086422668073
1001.3542388363156
1035.1068230796277
996.2528982546288
1116.0681678542644
1019.5656111801511
985.4516795785887
967.871133314104
891.2383817946012
1016.3762088921097
960.3060217444263
1048.9266237515355
1014.0869863727918
1071.3857660985045
933.8081368891471
992.837878918178
1030.001960771167
1012.1124302722318
1027.638986161221
1023.4968762747543
936.1721547089579
1072.6587959094825
953.3240683624474
1134.9867655046914
972.3498575164987
881.7406949124596
1076.903555014779
1008.5809796990201
