1074.467012189362
887.3355038794709
1046.1744274958755
963.824893885226
973.3111695101804
852.7525467812897
981.9207377794546
1108.0832347138107
1019.3355785579639
1055.0958014873097
895.3176924794454
1046.571079307519
1033.4428405304864
1004.0638359948576
955.4814906476893
1103.4189417457126
1054.8165879982944
991.1682363048877
911.3845817152594
1017.8266782506623
1077.5563588819064
1005.6383238169027
1120.3443909416421
941.2586532127085
1049.479599992056
968.6730447628333
954.0255578187099
1021.5556923410363
1053.2303002253275
896.9408836559287
1039.3398011712677
975.5426701594954
935.3313877026487
875.7389336957883
976.7943600316894
1083.9303837688806
921.759495318009
1068.9537744018824
994.8526951914156
998.5924645668583
1096.5834355136865
1059.8470614033154
1081.4887706879297
1023.6365047721766
1111.4355604383818
981.5003461504172
995.5612799235196
1002.0743268137207
987.8579351587213
1096.1130143741782
1064.2744924533733
993.8941661306627
1015.321561001384
989.00657479485
946.9874694818935
1069.6529044171384
1090.2530153951654
1052.3115805048983
937.7362561845824
1031.883252041089
977.0233267966249
998.5149270382274
1021.4709403401208
1027.2952201224361
1000.9195356090895
905.670629457461
1093.8251433996422
889.8919044251629
1030.3658149588919
935.0967792178338
1042.9687481813849
963.7297706905999
990.780433643998
988.8074726751516
1043.9067954340192
998.4446676480189
1017.1173052195209
1037.8277538169782
1048.0046385964747
1016.729121490646
1056.1466257421105
995.2845769342599
962.7040964198443
1061.6236496903277
964.9194468700317
1011.3848816224195
909.8111271658051
1050.8307460288188
1015.4739939205901
957.9627322652029
979.7339782024907
986.8537815947011
990.6368988178867
1039.1907213399556
1039.1671562942965
1070.2356411192557
967.045000034636
1037.5128061750606
1034.1651652095218
909.8941093706198
