1059.7865292746303
999.1634474272277
1062.858160045202
951.9615323870969
1039.6199876801609
1053.1740936383173
1044.4413006518287
1046.2809180526178
1063.9664343612792
1023.8927538038531
1006.5735166678091
1066.564970190532
1054.515112152849
1083.6074285788306
1062.0688098081564
1110.9205163894032
1011.209753961514
1060.6192276588251
1017.8150584599088
988.9971866006915
1005.8996423241083
1067.7143204020301
1049.4877872423958
1010.2316982951832
1090.3696843964674
1022.5754767178512
1015.3193559050833
1085.4756962593976
1063.425706065162
1062.0149301522347
1098.6002861369866
1032.7168245815144
1068.1478296715943
1035.8673974132475
1067.124632606039
1069.6539470049668
1060.3675268797354
1016.5084998452058
1037.3719787660314
1027.952193393107
1074.737161181698
960.9933731131823
1065.5315445884564
1021.5837896115701
969.8804740483602
1032.5249202316065
1027.60319158448
1029.1560593677493
1062.6156444734759
1092.366928775403
1011.6978783015402
1041.3936492346136
1053.5712225822297
1049.0636330382758
1038.112518502484
1091.401320366373
1037.3032929639103
1046.5900717314798
1038.6845660042998
1050.3218200155243
1071.387522753237
1062.1775756908926
1005.6230868983843
984.0231071032637
1066.023535672922
1090.206810370913
1102.6645297813623
1063.9523605381692
1054.2020411416988
1067.0963258548143
1068.5060440091802
1022.1131416578752
1100.9825909831259
1030.8468671022977
1034.6061521513855
1080.4308385156567
1012.0654041279646
1037.16407204599
1029.9639098243397
1051.373654741877
1001.5315777928513
1105.350632870001
998.6735082971729
985.0229980948841
997.4187384903802
1019.7695773729488
1037.6771714261838
1063.3825460296443
953.3102136124653
1039.0212077319666
1045.051115160093
1046.153362481665
1047.493100136099
1117.7108069975254
1067.3971994604694
1055.95867721392
1035.2118709095441
1019.1119557306426
993.7345833976032
1081.534124853833
