1044.5501055675854
1007.5802820019028
1069.4262332401663
1053.3006866584562
1025.3263969397349
1020.8996487318287
1039.2184702516734
1078.910560440241
1104.7841701889683
1118.6424410396523
1047.9626179127454
1029.5570408697035
1059.4265298423186
1039.3907119842575
964.740078702117
1119.4787973139325
1087.7057769387243
1034.6213549323804
1072.1211259943332
997.8917319874862
1097.370598743147
1015.3204182471517
1046.0836649347264
1072.2904154037117
978.8442839987538
1040.2717997524928
1010.1294196524451
1069.1496747282506
994.9344739411571
1017.9528309245597
1020.82285020432
977.9567331550373
1057.7388058541262
1022.484166347309
1050.0614826058898
1071.7393524883034
969.4332101195456
1040.4972142915408
1050.6041748046086
1107.9808571225478
1030.7062115686851
922.198998580649
1097.4354578767611
1012.3919237596836
1040.560434697183
1084.7438681620245
1054.1184024321576
1043.2110768085238
1054.6233047002897
1027.5581400344101
1041.3187045813795
1082.674953477156
977.4575175121515
1008.5663401134466
1034.5139357531023
995.328551448935
992.7731271908402
1061.129616478971
1024.3732091360757
976.4282560595846
1050.2328333884734
941.2726355065837
1060.4356226154268
1010.039443080833
1035.9828603323328
1025.264847629238
901.3172565338259
1043.6404107389994
1048.6834819159346
1022.7815514674852
971.7789497346631
1035.8617218606043
987.9027239861583
1040.1185124253568
1055.0848175701308
983.9637568266351
1059.679579756987
1052.2145855646838
1029.2555914377172
980.2342151154658
1070.963949145465
1030.4915624949965
1089.8323458001091
1026.483450142584
1051.9090050193097
1024.9297461259177
1022.5246062617701
1066.9303113663693
967.4890201825704
1070.894866723362
1008.0905763040564
1090.695765262589
1065.3185236117415
1016.1961954987682
1076.1628396629892
953.4162937770359
1041.4942123421986
1074.3740354249458
999.4882686914083
1022.373899934426
