1015.2066677723551
1070.1773820964474
1088.1361203457845
1001.0812730972884
1034.8093212165759
1038.5677578168095
1013.3790614819396
968.0135509520347
1032.4454282152797
1014.005430563723
1096.2906563186507
1035.7394667080464
1114.77726532769
1022.1567603243054
1069.7971934879747
1021.734191620972
1042.0982481157855
1003.7801175659826
1070.774336935259
1032.2339076210485
1077.2234067634463
1067.110139279209
1086.4237594363635
1078.312733054675
1040.1250513568384
1044.3353493846873
1003.0890959919369
1048.0393814398794
1049.1894887143565
1101.3824236974294
1016.9234776978701
1038.6227369634944
1032.9180942847247
1093.6497793184421
1059.3901598967266
1027.7816739155694
1055.9382944727934
1067.7088674209365
1029.6131851609625
1001.982102971075
1010.3306000198193
1038.2754085803588
1022.2927730002463
1010.0581990490527
1059.3882857685626
1000.1252131714435
1061.6922166705392
987.0878580243891
1044.5647936377563
969.5135227419439
1048.6308563997247
1017.9162929116014
1092.5947220191892
1126.897779141463
1020.700992163258
1022.2509632343605
1044.6041783428225
1035.7253030532793
962.286872611489
965.7192421150754
1056.0317228815018
1011.4409522715035
1046.880603095041
1036.9333833750586
1002.849953024631
1050.9980057473385
961.2671075778827
1035.6117329368085
977.0598424110344
1035.575241870336
1052.0732025179084
1122.1907221452464
1003.0160876744517
1065.0251280425716
979.1786657459714
1018.1374890414156
993.7873814810047
1041.6357458170803
1028.2424066464177
1068.367952465909
1006.5400230932297
1027.8657281230812
1024.69656737777
1023.4370380081954
1051.741498675572
1035.9456559427817
961.0918493453869
1010.4342523377762
1060.3332460875017
1054.885409332119
1108.5547611591956
1017.6714979032777
1004.3514797138395
1044.0564272753986
1041.7512424483753
1085.7361192362214
1033.912651412457
1038.7984543131226
1109.5294153682307
975.5312977371244
