1054.1537206191529
1032.591750765172
1029.3048936485525
986.3620860214365
995.7632499096342
1045.0425704448514
994.0947523618413
965.7852905744077
968.0503652884412
1037.537721828514
1045.850011822286
999.7039608182082
1053.6561441942426
994.4716362133601
1021.9636521448057
1045.7160309291528
1023.3603648870812
1005.3261796543773
1023.4483963706612
992.7889786313543
929.8089270187326
1022.9730512052076
1082.4605782632393
936.4999970723156
1034.511445221892
988.5586358182253
1056.9796511810916
1002.0980708550713
988.4404911107367
977.7599753053212
1063.7608290683554
1003.6121690059257
981.4505799660809
1048.2250633360854
1027.8398763862474
1030.6602173038332
1022.5000946542561
964.1850474737189
924.1910693559716
1024.474058072948
1093.9986599953882
1042.7152276057222
932.0885651159273
939.0263815641326
981.4114588374897
1045.2497420720997
994.1454870395172
1022.3551778628072
1014.8858770280492
1019.2636141029674
993.9189352506783
1034.2590511212813
1075.3493647595405
1047.7233574897523
1019.5051733873837
989.5057502734487
1012.031645923339
1039.7859365365573
988.5688148055189
1047.5477237355765
1038.1507096333419
1053.7659339457539
1060.8776258768182
1018.2329592811678
1028.7022861573093
1056.6109902412843
1002.5051485259875
985.9316871421336
1023.4056811569557
1043.3481416542065
951.740378331346
921.180385344875
977.8572317524679
974.6556434750458
930.2857673151356
1030.84863426773
1021.8388176730836
957.0214721210406
1107.3540196307108
1085.9589766242052
1026.309124321673
1000.266023052447
951.0925165554935
1009.9621535639602
1029.8115153656195
1073.6409260570265
1056.851773200357
1034.8125724941074
1001.5634437569959
1028.6072978703298
1089.452638810202
1021.86330543161
1023.7182000142901
987.4189018616895
966.7558324668304
976.3744384448208
1061.1784381805915
1008.6154596557077
964.3583510979422
1016.500359456234
