1032.8775396812705
947.565024317256
959.7146949749102
1017.3481086752179
1097.5788963989417
1058.4874093722653
987.5133155755356
1031.9899595755905
1023.5452367819489
1050.5833798483272
1023.61879823895
1043.5270424774108
1075.5254238332595
986.2161537773444
1061.7478271559323
973.4407250496795
1025.1447240359291
985.9497696707292
1028.8953119893242
1042.7902614681955
1070.4415616653432
1020.0987311681429
1057.0722091739012
1055.9888201716437
984.8575195943283
1013.4076647684251
1071.7365082551564
1080.2433915791112
1042.861313198388
1040.126732398512
1022.6013259031387
1066.2503096406408
1086.8527054900408
1076.550611377982
1030.8325236434905
1054.747391811805
1051.5890882584858
1060.2975173569992
1081.1637877784262
1022.9633427305432
1010.6818542961739
1035.629363328141
1019.3988328768776
1110.7308241542298
993.3738700830177
1068.753326554767
1074.3014068486314
1046.7403492041635
1069.9404814736513
1010.9051787027922
1054.552647128474
1076.074539011742
1100.1187091060187
1002.9960779662499
1020.2551830413386
1067.392573660868
989.7795930257379
1058.248953969674
1006.557644940476
1057.6500232082565
1076.7708373097855
1078.675678368687
977.0527015985614
1003.3613078492709
1005.7901698124555
1007.8595940267728
1007.6044187723433
997.9639509292697
1040.2261317185585
1086.4834218089668
1024.6401861283202
993.6283874391108
989.1801504323257
1037.3073858828834
1020.4989246281569
975.6007285726622
1029.3383438584117
1049.94863251265
1048.6299178705622
1081.165961814657
1020.7694293134466
1077.4990340878849
1039.1183839087362
1023.5633368159528
1050.1558801222307
1006.20165728199
1012.301539928262
985.803355047579
1039.9774224239977
1080.5695540065412
1011.0941744692137
1036.8059889262142
1014.0480681812229
1109.527130219425
1061.9007990097207
991.8410720594821
1010.7945248154101
1063.9536038230763
977.7205814638208
1017.5522713328124
