1028.5082126555565
981.605623265375
1041.2255190560695
1009.9596950597958
1006.4262000432261
1023.4805943915638
1032.8311051805997
982.8958125333969
1044.3333481391915
1021.2523937346167
1027.0330507168337
1021.5731584900178
983.4873653261253
1012.8585866145957
991.7559924294999
1027.4950004056068
1017.9618254635171
1014.772199667851
1028.2167608903853
969.5068478357184
1069.4785160628323
1068.2141803090012
991.1001358454162
1030.5609641668389
969.9152549528368
1042.0924451327949
1070.628926942433
1049.3669626397555
993.8388709201406
1042.7805303633181
1015.0645610136762
1032.7005506054072
1026.9338511340907
1106.2158600213352
998.0014306888062
995.2276399294324
1053.6669101616596
977.3409064381889
1036.9890658277677
972.2394452642802
1046.6691088462012
1035.6462274278697
1017.2787656558972
1060.1029238558226
973.8654727685982
1045.3446053379218
1045.1498432447968
971.3531507373152
965.9839449282234
1056.4094091398167
989.1397704046866
994.2840938467114
1043.3414372009488
1000.8456834798238
1045.6615692425785
994.9445132677645
1026.5480650175548
991.9597383197719
998.5539423698383
1038.4405566391197
1008.3386247345239
980.6603083900137
1003.8439106249374
1001.1269666009023
1029.9375855009077
1036.5146252752972
1059.43413371222
1015.9699894430313
1080.298438387361
1011.7985061259618
992.6108454204056
988.5609971330348
996.9862573372658
1054.7014029755162
1019.8590795214182
1039.96788356234
1016.4693516777206
1031.6708260581727
1022.8270095345792
991.478947165987
1021.2331011639276
1035.331659313017
1051.716554483618
984.640814070921
1051.0516074754244
949.8143948465502
1005.0361179795492
1030.40756258489
1060.020009583748
1036.1208257364353
1008.9909501273444
968.9986256328204
933.4790739077963
994.5094746498914
993.8860957040101
1010.3434852886913
934.6593187405841
1003.378932142935
1009.303864640929
1033.1144519723384
