1080.0676886028577
1062.5396677495385
1077.1453052289244
1051.9423302046775
1008.2424861271364
1048.6586628841862
1031.7766263030803
1087.5849269271612
985.4816747101614
1115.0549223620221
1043.7674138618213
1084.6796091496929
974.639040272959
1023.3550199453501
1057.180474087611
1027.0622576120056
1003.5610747019779
1032.1701432403834
990.27044970608
984.6749430916832
1048.411515703361
1030.3424837266093
1039.4880617690246
1008.4695919299355
1020.3051764222384
1085.8862102432656
1048.2591067926878
988.1055304138836
1022.4870532209336
1140.0287732306813
1018.2610502755672
1038.027859210902
1060.0865535203639
1031.8566811133383
1045.0440997034939
1096.6348884296162
1087.563579546403
1052.0618502609896
1022.7303029265753
1061.6843798915102
1072.7962976640497
1051.4247956821632
989.8337874193153
1039.0864579188049
1032.8730985640645
1042.9967134647045
1054.5212708859624
1014.2819672884984
948.0923756962127
1031.5474770527935
978.0184455180873
1069.1749721176157
1085.3970069549514
953.796776972878
1021.5408272065978
1084.1347395090586
1033.6570722788904
1001.9365584834889
1059.4956370109599
1108.771364320348
962.2550215916299
1046.518550876719
982.9438787499182
973.0457630457079
1072.15495918792
994.9901709192891
1060.2485333307895
1109.1090209454806
985.0002552262725
1069.9579721195655
1000.5370581152347
1072.942159937517
1030.3713460056047
1046.6245227514794
1035.6651754905945
1016.3782727085425
982.3396384394448
1040.603085064677
1002.6728012046798
1032.1254985007677
1055.7019602131343
1037.918590039474
1062.1185078657616
1035.1535700002567
1037.6430104138738
1038.8293551947072
1049.2894407025633
1042.7143092844992
1075.6899073598297
1079.6470410684003
1059.0349401615936
1059.5934466657388
1011.811679867362
1010.55384073924
994.1269735283817
1054.676234840944
1081.1468789233002
1004.6207514549773
1028.6811964419076
995.5646474058467
