1076.0183127223302
991.9116206681034
1010.4331993065381
1018.0966317710524
1087.2678484950782
1048.2214303580715
1064.1057433897452
1014.1589194751018
1048.5335368253834
989.976740724703
965.5443546505626
1049.095936248422
1025.2746983466648
984.8882284211833
996.5309155142045
1092.5504501209552
1039.7764233429134
997.0381214433309
1032.9550347539562
1065.468439917991
1033.827059745281
991.6437848889124
985.1582149980248
1043.7577595974865
1056.5340914662008
1008.5966029964187
1010.9992898837913
980.973990102707
1022.6184236917444
1018.6747291686796
1058.6311485684882
1073.8529061818697
1067.4892285943736
1029.8342691363766
1087.7070301216534
1041.9337691828803
1020.3209302236811
995.6871674342312
1054.3241019354293
1036.3406591215312
1037.1912059738336
1043.4943650310936
983.2863126679209
1002.7089190907609
1019.6414700647244
981.0739759646127
1070.4026668657455
1095.6356093221689
1009.3983156460507
1056.85121356388
1040.4958689602047
1068.9357763944333
1067.6153723165296
1054.5636345465634
1011.7537203066912
975.529062827641
1069.6309781463046
1086.1087402585492
1046.6698281831923
1066.6518249352134
986.4214493808952
973.1918888986174
1132.7338569553938
1010.7716088347661
1000.2707883536842
1011.2383037582124
1023.8088553525062
1013.5248095519123
1041.4930151460546
941.1205757135057
1053.3409955474679
1021.3317306182922
1026.091554814001
1059.9381218995409
1038.0582707414267
1004.2358335531507
1041.9746775011688
1084.6271758161777
1031.4454435580556
1052.650614726161
952.632900291755
1022.3336671711237
1110.6785442611224
1003.0223083943807
1048.368725202607
1076.6416165364753
994.5429306018817
1072.0818545491304
999.4813322644086
1075.252283040667
1056.418774213948
1003.4641007712048
1036.5608157603506
966.2640580457127
1019.996950158872
1054.9075927840242
1011.9310657518648
1045.8585777080868
1063.051587000862
1005.5241937142043
