1022.7759947057177
1018.6579680995576
999.5399989530874
1055.1298777144739
1042.8322749833858
1014.7254844023962
997.825026586575
1036.4458082813976
1040.4124119449273
1011.4497056747944
1018.1252595757895
1041.9318138353565
1036.669246751041
1007.749556778486
1070.3892746991137
972.617883963481
1017.8222229190477
1066.6966329023087
1070.0737308686557
1035.3798208809594
1072.0453860656153
986.8180941802344
1056.793171565532
1043.9194607641311
1048.3886040075138
1074.0920915116826
1039.3311339997106
1009.6654445444294
1026.5673503956405
1054.0707364388804
1024.6289982658284
1007.6351035739747
1044.8477779042075
1077.316309183149
1039.5069172628635
1053.9925489826344
1056.330421289992
982.6905342874211
992.5961768040071
1023.2709997997016
1074.2182615181152
1066.4113106702941
1065.4643765366866
996.7668451605385
961.5670851119024
1046.608172082704
1021.9952257233821
1018.5793515260227
1028.5164437469434
1007.9788330240876
1018.8585644020424
1055.0200850198808
1065.1992265631154
1044.7657770880996
1031.7915708937394
968.4467622174814
987.5007385585205
956.7490427132341
1013.5188348315697
1089.7521994081324
976.0440625431781
1046.7256676283337
985.7332767461116
1052.4369733902602
1035.3091565288248
1022.0450416628266
1041.0642817094883
1033.1550876355918
986.6583109885615
1041.979493009979
1016.4421440062335
988.7906160071591
983.3006696410947
1039.6963828224589
1028.9144653710493
1042.5652574554153
1014.4555375407243
966.5195436575196
1082.692079554774
1067.1342974753989
1026.1316253550092
1017.8992943042331
1077.7832254667637
1065.6151014167706
1056.7261648635372
1033.5019078898692
1024.316956523789
997.1388480387014
1006.6384864209014
1042.3873167264062
1009.4540561745679
1035.550861064259
985.4469274249975
1017.5786381543063
1052.1766207684877
929.8759373957182
1065.070092529745
996.2167543452105
978.9791431131993
1039.7986549073894
