1072.0696865517777
1036.856928443293
1062.5923612305698
1029.5658942738494
950.9744394870006
1057.5546210876425
1055.9256067772662
979.3141435823185
1078.2626306734965
1000.8901508665587
1058.4851321327112
1057.464218699165
1087.113989149307
1072.7891839197866
1108.153072881145
1035.9204133325138
1070.3317533300828
1133.3591667699284
1110.5092078125112
1022.6851996959007
1035.8537583802165
1003.6328725493511
1056.0697103945377
1086.2128491450676
1006.8345936055197
1021.754502265581
1084.3611106503388
1060.565427509073
1079.4202245332824
1025.093261616433
1011.3061466302656
1109.0420624872554
993.2392208769085
1063.2170683474337
1013.5665960464635
1008.634992607231
996.8914342803632
1001.5537711316596
1027.4631920051365
995.7631898065933
1023.5988485290073
1023.3993330302884
1059.2459935246661
998.5534561126423
1006.3831525801515
1021.047212583416
988.4413505335013
1114.6983891005725
1018.283648329716
1028.348188742649
1048.7420503941346
1010.8006568858015
1021.7665789629467
1028.892354991871
1041.5152339248511
1033.0453890937176
1034.6081537264745
1015.949728166752
1025.2810034956804
1040.2827663737394
1029.151957900474
1071.6525361540125
1045.141723664055
1083.0633804946522
1047.8394491952904
1015.1622964172019
999.0364589774391
1069.6266401009905
1026.4100351130396
976.8447029115406
1022.574465725736
1039.3755226201567
1037.9841830835649
1046.1820468631715
1006.5810125928685
1063.6696570809365
1087.2698138603166
1012.7820312936016
994.1123712607006
958.6641092250128
1060.4294323299814
1089.4299085843952
1017.8043070847722
1021.9798435810093
1045.2585151782703
996.5804690635103
1006.3355513543083
1042.1508055978888
1019.2358958522652
965.4272509036601
1109.2938325029595
1043.2333523849388
1083.4203939292042
1030.3302948371143
982.4999926538118
1112.3036969656291
1004.2040300767271
1082.6518338436692
1059.81826270505
1100.7987336989663
