1019.1084563233758
1032.601844022414
1053.6636980853175
1027.05167390414
984.0114057594328
1036.0325437447068
1105.707080687598
1072.1529286667776
1012.5575380147766
972.5841580014187
1084.4183841293254
1018.7466265890874
1054.221451103492
1025.8031141680065
1047.6872300125337
1002.9492034835013
1045.3733866669659
990.8039264914664
983.3202797605737
1019.6205847094074
1016.841419656751
981.0541397203502
1059.8543514881653
1084.0850552180843
1098.3382705517188
1069.2444211422446
1014.9043648055987
1000.5379627193062
1058.9043998746242
1033.2620680820717
1075.8607931861322
1030.2055652375122
1026.7415860334124
1001.3669252870042
1046.325376508655
1023.7966618018025
1063.1248470016471
1109.1865939915247
1029.0402764333965
1076.7807788637267
1033.200036991407
975.8825720594659
1057.5818438409524
1002.5439825677158
1028.9116022185076
1000.6441920874238
1003.5345772634832
1026.0972144790164
1027.1159530773793
1007.7354110724573
964.3874342925616
1023.2021116358045
1064.7235176354689
1019.4092024369875
951.1493846866952
1003.62523425143
1073.6615080544611
1069.9745488913313
1044.93067202633
1053.3146078317434
1034.5582125109145
1041.3105727339275
994.5946053193092
975.2198924573466
1100.1952703366887
1076.8540043255896
1016.0700106976782
1025.4755053779934
1016.9645932510724
1081.6736336702522
1083.0346736861272
1014.7266486843358
1041.0411774790464
1009.5635393702497
1079.7443195661137
1018.0054271006276
1071.5353126576601
1066.0325044161555
1047.3508427077556
1071.3599849659445
1008.7231248407406
1040.2923234331215
1056.1783418607365
959.8322445688833
970.57726277902
1088.150466727529
986.8109955881363
1060.731660011498
1090.7013805717402
1034.5763254262295
1049.4214591151572
1096.4466703685575
967.0507029130777
1054.2437371877752
964.2416291956957
1040.8085393995345
1035.1728118324852
1071.054398659481
1072.2045499967671
1001.8279455890472
