1044.6378651168557
1019.4649276161476
1114.2807678496902
991.4667705381722
961.7992124707532
1087.8587987879923
999.6636715677537
1018.2254186985557
1020.5581601027686
1025.288296187738
1026.7396035577822
1006.4422778659491
1034.2081880494434
1076.4150194456956
1030.2170103667709
1001.0516759860711
1072.5468292403523
1055.5043382805125
1097.9503301062791
1061.4157238852795
1070.3918717432325
1127.4769458599244
1093.168927325713
1018.3734825169446
991.6874462801652
1072.217367002957
1076.5501839295002
1039.1278879739352
1043.452379659186
980.1930667762739
1086.9553013481734
1022.6073669958928
1045.6233899871577
1006.9973455079665
1021.312234204094
1014.9412053413001
1034.1844936089076
1066.759054735321
1068.8674990590225
1007.3890208542431
1083.4564566832003
972.777647569779
981.0883405371595
1075.2353149621579
1012.212528710132
1046.1337250642548
1054.5561934536083
1042.199399990735
1084.6696197641938
996.2364756792721
1072.1660750389935
1043.7501976574945
982.3068046419922
1036.527451204678
981.8999374610975
1089.6306733536564
1051.0016480357392
1016.300974259991
1061.0588349766876
1022.9453020580754
1014.269842651714
1077.8779055434093
1087.5832153615747
1050.738902080471
1001.1212944497863
1068.0746642469362
1047.721287457387
985.4092236012477
1078.970226506676
1034.7038096924923
1055.149147955729
1014.7331583774176
1072.5166756646097
1025.0327977609495
1090.9099101988313
1089.0441109706633
1037.6096388783828
1006.196988890282
1041.9338096527401
1047.1374574613517
1068.9986825280118
1092.1006089308585
1028.6870877432243
1010.3074057350939
1020.9631404572652
1011.7151447327237
998.7936398661875
1010.5495366193909
1064.5867682664104
1011.237222739438
1005.2119634876289
1036.1073624416551
1032.1138511082836
1027.346446427336
1080.1953858068482
1078.4340451515643
966.2616914473657
994.2834960724244
1024.69272353018
1092.5609528534244
