860.999568591175
885.55752747501
879.6276908359608
860.36750440826
918.7467056730329
863.2671990407285
932.2902437127194
809.5277965481724
826.7606139422154
856.4873560252146
867.309818671666
798.746870936949
889.9311926175673
821.0051793123173
893.5797825360803
857.1894104736856
855.9644505710637
840.478681353579
881.677866717326
872.8036993908182
858.191590311875
835.0563798073375
865.7515365793138
858.7635369588312
883.9655667789497
848.0920192906968
816.21895959294
845.045706425799
886.1667696469971
859.881738040989
867.1628930221176
903.3823105918198
880.8606153836529
827.4582198565231
857.9901507334483
829.9079536447732
836.293954918976
850.3129980097837
809.4819496162614
907.5711721596228
882.8021236730035
837.9190304740274
859.4398804334888
866.3977365006741
819.5109780275617
871.8476031631775
919.6787254865084
903.8020281174594
859.2165693062502
903.9884492694974
815.479984026151
837.8960386987598
846.2137082691008
850.4625990813928
890.5389092541636
851.2499293876059
896.0239558179526
856.9366580620587
878.4877107451506
881.1590336972932
878.1600564078636
856.802572291455
871.7659199501908
853.5441481779118
899.6237770961268
849.2376439847574
834.4188317180433
874.4790446653661
847.308929214085
883.0140592069242
906.8400886496006
884.3574243946456
890.256731413101
913.1985823299501
869.4263589466372
876.6492944514994
848.5504669319769
854.7449747291206
936.113129284761
879.1736490024441
849.5025418577835
860.820339127404
856.1617320887664
881.0778533474491
901.5074088868217
868.7356478954231
836.8491291936567
843.7657675098619
870.7276491512944
816.5919778561733
831.5502898480283
852.5392004265484
846.1437669484568
916.3130488323117
883.2854167675413
828.9232718867643
883.1596459838586
853.6338126039532
832.020086553358
919.529840330779
