854.1413615836942
833.7674556984408
897.1892833237687
842.0631070276728
923.9983207381034
857.3712101601071
830.3046877248772
819.4470103585405
842.0896249655182
868.3025179341364
885.6712965333488
878.5070082653657
837.5706179780661
891.2537183446298
813.6661397936571
883.1190760505875
883.343978235719
899.0920603447433
868.4057205503918
924.9764382585652
854.9145058129856
887.7365517126435
856.9856702148521
857.8575606564326
888.2194727077195
832.694820976725
866.1746771560174
830.6915431972084
879.4628844033059
877.5598843802213
873.7348898293341
889.9898910156355
866.6199690547568
864.9511941174057
904.507057169773
904.065785505348
857.3248842534783
879.9357958782809
827.1788348799
839.5111092540733
884.0464808778275
880.2183412902384
911.5351672775435
887.2740744177119
913.433486843543
827.8607605448757
890.8037799670634
800.7165674141786
909.0883530631129
876.68981430818
821.9209718134342
835.8581516187163
878.4275257883745
813.3277348323994
849.7274697266593
857.2619528536732
853.3956289548119
855.7165993490687
897.4967376665195
891.2897522156461
900.5858355803526
888.2916255066732
882.8746817718946
890.9846792244387
949.8386679840636
885.9513887646038
878.5595846177729
889.0326475020888
865.7237247728638
806.7959830562902
873.0420504746087
823.7974623817494
882.1527350965259
860.6851024752469
899.3089673719393
878.3685852838488
855.6100363020879
895.1145128276455
883.6879427340314
827.5103457119495
852.5538342553499
838.3662269690669
898.9408095444461
873.0066148243671
835.6827092983564
889.0522508793861
906.2147601739746
857.1864236280558
830.7992157599803
884.489820542782
864.4086330153375
839.0786217420721
843.8898686827234
902.57837052286
873.033137113983
858.0596834779657
852.8010699456266
927.3122913199593
817.9060958615046
883.7416346259893
