876.7628504240828
839.6323414408052
890.4223871072517
879.4327786719597
890.9748577877266
878.7080591705187
796.7010337342567
894.8633018559728
892.9722945042989
897.4081253771055
818.0274239532356
868.4329087888316
848.6843371011659
871.5375688476066
823.4938253446385
875.5043174477904
843.5743086570429
845.6450131714845
815.3275545601418
837.2090522017348
856.2054382128648
882.3673856212043
841.2451707980678
835.5119141165004
864.2199905620845
894.6101976760626
909.9663098332486
851.3069587500308
831.1108125456262
843.3156052705084
847.7866273603971
853.3186168410696
870.1495331419269
843.3308312548919
851.6184851003479
853.1425111862524
866.6426575994012
838.9420014924178
873.489217816396
871.9975937222032
867.6680605671459
836.7914008041856
870.6452445739001
866.3293075486529
819.4737368534651
890.5727980779088
882.4667294229075
764.7299412962732
889.7729820591313
860.2623158288305
880.4058958843643
910.5765349310401
864.5260648494062
833.0231219862379
846.9035648818023
847.2522476041768
820.575891028089
844.7968122601571
852.9430871270905
889.1068763672561
810.7354015440891
874.7159848908816
858.6925794547224
858.8225164517584
843.7381227696704
870.9010761962959
845.3204016157749
876.5125656068998
904.9582487197927
838.594283604942
902.544209002804
895.6973618068156
881.950501118697
852.0217342139165
824.9527777201146
848.5527919062025
879.923803560752
889.8977821547661
891.2275772680011
882.0523497843009
905.2322471127536
809.6184404390351
855.9166305456426
866.6616619938947
909.6078895188477
902.7893724275482
880.778271911105
850.6305838896608
908.6115720358839
871.7692458742173
870.5106037429312
878.2807123279076
839.2650305253611
880.6838458159042
885.1276049535187
927.2774727149093
864.5183595101106
837.2002558322467
875.8938920205103
876.065904738208
