881.3528674368201
848.5637189185297
865.5621453973442
869.9771724937558
867.7807057852377
851.7672957544156
874.4015240120177
902.1584191168155
889.3727868424379
878.2743975558387
827.0056006083196
853.0821770236452
801.1147230357889
885.2741082053578
876.9480362731589
876.1503545011495
885.292545071703
888.7085391389975
913.445413582889
807.148129741676
857.8442694563539
904.449497488331
916.6132799246618
887.9418820049057
897.3682925321071
910.3738990014916
890.7166227589584
932.1618753244356
924.4335494253522
873.6994225038437
827.3650865601716
847.857551872042
902.1393018472421
867.1268715450758
866.4683264489399
867.4706449696988
888.2449939730385
856.6865411654501
885.6712516589364
879.069622616439
874.3222452035706
870.9939213871495
928.4274298391152
899.0607271049197
929.9473144699135
912.4436293005356
914.5261559914246
859.1273725873526
869.3676472115438
892.8994171321226
839.5662638562123
870.7885007097342
897.2128700261019
844.7546040894512
894.5519645961135
858.5551728658303
919.9879640708753
897.5536037658877
872.8732130357221
843.0625509561856
896.4077473634022
924.9105461696477
880.4976948991549
922.8794234759507
883.9337393416964
852.3967981816196
902.9157485866172
884.1448651630136
876.1200901619678
929.8403139311531
816.0852946586951
913.8869145667582
872.8452592213978
859.3789270041898
885.1298380911703
924.8246931838138
853.6818675411314
907.6659503075247
897.54421200553
871.3908052666214
898.8637256743779
875.0287817292872
874.438984411712
890.374971450742
849.7608880770213
855.8714566651208
852.4523037838857
872.2854365766995
827.6191962713757
870.5567206463144
837.8652354591187
825.0392393742886
882.875476967882
922.9210475591782
921.3489387793065
892.8291329068741
868.5827536128578
851.8030848773773
836.0011162346007
870.5971640998986
