861.1648017682779
801.5952810028542
853.3722518492691
884.4119233440283
847.5190789215244
826.5195586530051
831.5162121661376
812.6596829113271
871.2709711792893
818.3618469932081
844.2664072866164
824.1905104770252
874.9851296679273
837.249258812233
945.46143465298
880.8558633414889
844.521356506771
903.6552388223479
839.7684936853144
824.7310692957499
875.7875266772387
829.6013081031613
906.2152804734865
908.0022073246907
896.8861384476903
882.7797562292672
892.842363474313
884.7741861456902
838.93523910325
834.7578442778864
887.9957160972866
886.4866002524494
865.6887827590413
906.3481657530797
892.8390479038356
870.1952647233608
862.4761723170642
819.0660007326569
831.3988841167138
904.1225118280049
784.421266478832
801.7815346617681
904.1094204760602
815.3660746107644
891.091054531457
840.926680663566
810.9445135769797
876.3362755788096
892.5902583899918
910.7377633149475
908.3107956842076
838.2439450909993
889.8803982389267
808.8622128790752
889.2648260536226
880.2276596467863
869.3951414456645
908.496954007304
922.2882394803001
853.0780242259139
808.0494748560886
849.3854085834269
895.1790096791708
858.5498334566979
833.2322586224633
825.1171770984864
876.8928440422113
878.9849725280756
824.4209742644241
865.1377975053088
842.681850021991
846.6159454183447
857.2634869781749
912.084838337414
882.7322556402694
866.4836175111938
886.6990880788421
826.0576576498584
880.9827914860072
869.2087178675451
781.5174316362375
888.0936056369789
939.7116507972839
871.0045582358267
867.5540681477302
798.3290682438906
801.7523294729893
848.6850786219608
842.309033758094
829.4610957704575
884.2828658745221
930.4459702115967
885.5569729863479
876.5348700950627
907.9045391028671
865.7551981325074
858.208152390653
888.8588775347639
822.1299866202004
867.1565427366908
