842.6196670883087
885.7081800421938
849.9819204310695
894.161311431764
861.9078136836242
892.3687965981238
896.9277784983749
897.0521404436201
857.4919011589218
889.6693172231666
912.5221766253909
892.2317015618238
872.1185707382243
816.7066762721187
923.9554577491394
869.7451197941372
905.8515736726323
840.3657573077805
922.7782331609343
865.848458498146
900.9494001533778
855.0713905516574
849.0492362618659
891.5841234999862
907.3703313667445
876.0477059913702
887.8682491963646
842.6283227812843
911.6351553528585
843.8187892013456
869.9510511806329
862.9011015768593
883.0661143732314
943.0048496500926
900.9997386196964
871.5613429321024
864.1672664579265
937.2467571457489
861.9990552888879
873.7962294898625
845.9877144965012
915.402788866197
852.6926124314035
870.5022836971655
862.2058416627666
859.5358725606985
884.7548055676825
852.9843527568567
902.6079493519463
881.9264391178599
859.6080551052123
871.1701536078624
912.809888442108
872.9798397726618
845.6024081365059
882.0424029455108
895.4996509507826
920.7883535219158
876.6648626652071
828.2300087263546
906.0256558407552
885.9464009173456
878.5631446227464
854.8038515103735
866.7839961690152
867.8603356554326
860.6385636221752
843.2512122880418
889.3021209399889
893.6299915547514
863.8140340042407
901.6740983343341
856.3916009232254
933.1746427388775
919.7035739693787
939.4869242870811
869.3965584350161
882.4846262615706
849.5857566015704
807.9672482595322
837.16342668466
939.6210008133856
926.156334869336
854.9465379298531
903.3384397621521
886.532164398514
867.5263920164757
828.7766915002205
855.15278738919
888.3705278741024
889.6589493577452
887.8795958743206
908.0481569007494
918.839755606954
897.3916137014324
871.2928599699661
930.1386524286168
800.6324905559252
930.7046593229774
904.5855561642594
