905.3084698696
856.3312303497775
883.9760195710874
863.973901414451
910.9784495055449
879.7170660231526
861.2552225329015
830.9837276483237
910.2066853673757
831.4638742553099
844.7173495685262
918.8348255940292
897.7456268529985
905.7873008368706
887.6657079695059
880.4739303495045
841.3271999592057
862.5229463182559
949.1200266147696
894.6673777868532
924.1088689781029
895.5665434658122
875.8668683349964
876.7153637769273
924.563741794635
884.6966496056899
815.5617049158274
872.1799657913916
948.9200231073919
902.4363971035062
831.8246028690078
908.561318299267
828.2308840763118
899.1780938858817
898.7388678775854
886.8785910308442
887.5490149699049
854.9488141299205
907.3356755525333
847.9353899516616
899.9357132744195
881.8037339866871
874.5966831109228
907.6271505985882
923.9482599337756
861.5717298865386
832.186561496603
878.2168586844722
890.7707905620754
892.5927488153764
806.5057512007029
922.4698465856136
832.2552153006326
852.0104635359716
817.0640398367294
895.4232824067867
870.9166210787677
855.6486317825465
902.6124893698027
854.1832369141488
910.6303225606061
828.6407587075496
912.3214903362201
861.5822794021645
910.7103986289887
869.2129339697046
843.301566039805
937.4707810554743
834.9803229729399
834.8455092158596
885.8275687041603
894.1720839649313
860.5302478510406
842.6025931286339
886.6405289334172
887.9366843085423
887.5053193932094
899.6044009370818
872.0424938465696
908.7939512252949
840.3158940826695
878.403956986097
877.9934916762217
938.6693434065154
903.382363265402
862.3192324963428
868.7254690650681
883.8188039932077
866.7974799501238
852.1628686901529
876.5833807324904
848.6507506119001
907.1537335654816
866.5654014200363
851.5991783902581
884.614654999001
904.037303546545
850.9787246957605
983.2278726422908
890.9361139143429
