917.2463319805075
893.8055897402495
907.3149132913119
830.9890731963288
873.3888913739743
890.3880820478859
893.8135201467196
879.6253943972181
881.4334891282601
842.7590543419276
891.9777776708373
876.3856298390226
838.7657426216679
883.7915172978734
941.5861077972504
867.481784510391
841.749213912359
882.8400493229473
871.8142390095815
934.9086836037659
912.0787555988137
911.0612272404807
904.8938385188816
912.6233099521344
903.089766198154
870.9285561276407
881.4547336883068
847.4687596587265
847.7201871069929
883.4280768686832
870.3322074051357
880.9596198843792
890.3888723869845
917.8092773687702
897.8932477798353
878.5980930202551
882.2120778071429
886.3416468717496
847.5260507060901
842.9985757427193
885.6866474081519
826.7862779147927
919.542101229574
837.7998424704932
877.4225005271949
856.7745791212569
851.2783746182496
930.5890794624221
907.9644548775984
886.3377723975599
819.7449221626376
941.0723611511069
900.2582554668088
856.2940504351387
851.5243158283215
899.8679563536805
917.7458145857561
925.4346381367355
869.5267169158394
900.5902932508553
825.1474566790695
923.8785464184454
907.3818305910098
886.8639464212005
892.0080199104541
863.9322563736522
854.1008596117508
938.3657655410584
902.6239657665299
854.2347658846229
926.2572646350516
873.7545650567868
852.5880119811151
880.3952423825225
886.3636775885436
873.3727171206702
920.7911176855046
893.1831439381571
827.0571374986172
918.8741286297643
865.0371492674475
918.6438924654769
859.6812006738753
896.4403821119098
874.777430885587
880.3517035548697
877.6239232852712
897.981240806499
851.4858683537465
867.0037553630708
887.4092609618634
867.1163530504975
886.5457187062634
926.5167857402132
903.9780074512831
871.2646535261862
909.0938288035344
915.8120403349195
906.0245398333691
917.550332564505
