857.1580442228696
907.3056480121202
832.2678782641661
809.6298892367198
858.9168731128551
824.5700804081936
879.4403017274705
932.8650411963732
882.243069252931
879.8294199292698
814.0250063503878
907.5891560725137
888.6882932861892
877.3375159726114
885.7401750512876
876.9331172990367
893.1204791580453
891.9786271700043
840.619152865367
854.1250961494954
885.7168711188538
887.9712928849052
919.9944384734923
847.9113612325898
850.1727907446736
925.3999645684149
878.1247660106875
841.0500921542457
855.9471791321247
835.8905721006448
877.1562744497106
828.998245962539
867.5331875399133
895.6249116214244
857.6685039808345
876.453063044835
822.558475402619
919.1854785997685
871.1321049973355
848.0591432168246
839.0255665479268
910.3853139984201
871.9127456951661
860.4725629777923
852.0060557738202
840.5063856608199
887.0239707739318
880.9102807117063
861.6039089220759
905.9515570416951
855.2268431747916
874.2876956425683
901.128631822944
873.2116473633481
895.5050776225796
878.8681371334691
882.6451568428632
890.2990982900538
875.9477708592303
862.9717784676611
854.8523680407864
903.2483276395191
887.3960406571673
909.9040033881707
878.4396651604784
889.5169102118704
926.6850362918483
887.8259152611749
879.5199179491788
924.9465885052916
858.8334372570547
887.7425869133224
847.9446664099183
927.4922211650025
859.9753247576268
893.6983612209735
898.2627471857288
884.452434194796
938.7200585197742
882.2099246855585
827.1495006621093
817.1455920736819
811.3023204220817
819.3308696111343
874.2886278864856
842.1615176724716
836.2034516307273
895.1349848995599
902.006161996579
820.1263478995985
915.1015941738655
849.2295493307622
908.6291310350967
886.1297359626315
916.8859439794511
880.2942336089191
874.6498671989797
862.8942143042101
921.985402500701
915.304871615912
