899.0762950810878
859.8977852469138
844.4995965981014
913.2033053929545
877.0840944630987
928.8130669024554
842.0726655254105
888.9836605280344
864.6601437252089
932.0313970977622
866.2848881561216
879.2356103264351
862.6304266710396
897.1142860912422
881.910333700935
876.7481442360622
886.2406701359679
868.4639159763321
847.8764523108051
872.8886961747237
876.875871285679
897.4736293526443
919.6657797586296
917.7983234875014
899.180230078006
895.9910844394385
801.1118819613686
886.7886488004655
833.258562021591
902.7519814066435
842.2204080879545
937.8323842271434
895.2772432595767
874.2216860424282
828.1144153521317
874.6054051932949
885.0734875353228
869.3167957317202
878.8875594110712
851.8493287648357
903.9248259239154
886.9472659345915
934.8171236825798
883.594969215895
869.5736533598215
877.9331356201078
905.3913111615356
937.0689847575852
899.0989186350687
918.5994549672463
908.1959032457003
844.8216451150097
817.4009684678239
889.255569437119
833.1645423062644
827.228654006856
886.3189419382678
841.884974959522
910.3306227303597
828.3510065329642
837.7482940883474
913.6276869401571
894.2190017677918
853.0646789182275
859.3706432903897
843.4831010117401
868.321820241704
839.4693272692069
832.158135808936
881.9902521453449
877.0721311909687
932.71901836484
881.0065500552954
856.8815849215788
913.8493261627924
898.7706310683894
925.0453507854902
856.9006239240517
920.2374482699666
905.342811049513
890.008223318921
855.2171914507454
905.26451991786
891.1631065908326
790.4681460335748
893.9997699998743
874.5036571158035
864.1222926346611
851.186700412169
856.29339613367
898.0652786125145
903.1343757101174
867.5568596671204
888.8183269666845
865.6510414215136
885.9988740465831
882.024125622532
871.0633771672616
890.2285238038247
837.4270857965632
