878.7174669697894
868.6732644253542
836.6739101471936
884.3338247840912
876.9286396062029
881.1883296248309
888.8175683359597
816.1135856036725
904.568326683563
817.1201843452224
837.5821087206205
892.7446292612636
831.2149409616775
882.9800602490898
901.6083547530391
840.327339933354
860.8548258978426
917.0842972611706
864.1347975278151
872.6868952275245
866.9240106442784
867.1312185768808
868.4041516816823
872.1179198883697
852.1149056021732
895.0371999926051
831.5966939665016
857.6947228854306
880.7829859048305
845.4100050908753
844.2168251207482
881.0175482173138
887.9065100239079
863.6582082618055
874.9211668039493
854.2102783387686
882.1676321326293
891.7987191820876
913.5857433591667
871.8088731228025
876.5349508614465
821.3684671316176
859.3886235699053
868.3246260471807
903.5904253674415
886.3128014275903
843.697432562638
828.993836492353
881.8982987045752
807.1476183032557
882.5033609814307
903.992659785245
879.4173646528145
863.808604723142
829.0648357967652
842.6740071465879
796.4951021022358
844.4446460960455
836.6375363401452
839.1444596604316
830.0379570932463
869.2610892377372
899.3741471004239
874.2362103125881
875.747409808618
856.8293000629951
902.5953660156782
854.1526112513444
843.6201754254876
889.196140714453
853.8181334396702
927.3962452867968
844.5321237678579
873.2136590411329
899.5983354057662
833.1143838232103
828.4581577996595
883.2060379203571
829.114332232395
849.8004441513258
860.0074278522427
911.0926200717815
852.1415672115139
847.4531998570593
867.2664786519474
861.3797532900546
845.5618284916541
851.5313570015867
848.4895326959045
890.031533190407
828.5808553760527
850.0599421397274
905.6097924372876
890.018939740901
883.6010946843595
865.828589579739
905.9365488094718
911.4383383561742
850.3000737119601
780.7447327594186
