1383.4347341887442
1149.7297703859817
1245.4157292523264
1273.6648179046624
1156.6813298518678
1207.5238456614704
1161.026422983135
1236.9296268899866
1252.7070404945475
1299.2515317453674
1158.278487244775
1246.8190424151046
1201.9248492550698
1236.4114886078692
1267.8587404582831
1242.7639695881114
1228.4193186738153
1159.7441336466807
1098.642556455917
1212.6134541673741
1154.9831476739741
1254.2696042752593
1198.1114722842242
1271.02633245536
1169.121203926622
1280.9577454836733
1030.4124779978463
1266.9957555841938
1211.4222940446837
1257.510336406872
1188.2095783886566
1220.703823838728
1323.7178794275358
1230.431303714468
1185.5948548552024
1166.3882611763809
1272.8796333446878
1212.5997176156193
1215.0529185065482
1168.7844752451526
1215.1978368853563
1276.7773674834707
1153.6059576453292
1255.8768379308526
1178.951713579876
1217.3710102406712
1203.2948398196825
1266.0497473489877
1196.2521441198596
1222.593684664103
1269.535722699312
1206.6408051028716
1251.3310673422343
1267.246039340985
1136.2406300663515
1250.6611784593667
1187.9219610430887
1186.5311422100003
1176.1292188701666
1276.66799033529
1181.6627625763163
1137.8475897877172
1163.2052477176994
1178.9515765571073
1234.8159459742321
1154.1832953841235
1214.9629545936166
1276.2603616555268
1265.5136498779898
1150.1990048628816
1186.4472533419737
1166.589447093974
1203.3208543942706
1277.3095546222582
1165.0035029260239
1173.9432091689525
1161.5408313461733
1183.3612342701635
1185.3822927529752
1265.635288330349
1186.5234391863637
1236.5139512583653
1127.4404900667646
1199.1231406721824
1189.3270365556373
1230.430500843219
1170.922512509812
1247.4071403308694
1220.03904076673
1274.6215622837472
1301.8899058344002
1220.081129837278
1227.871255284086
1189.4990772304116
1305.231686056858
1114.9782305925137
1209.6402615101272
1198.2288040054907
1172.3139246074102
1263.6102364873032
