1227.8896761638987
1330.5167108569563
1220.9636548008834
1290.7445482860674
1249.114656414911
1234.263897528428
1279.554178177139
1159.63694594081
1182.7936856206763
1281.6611985708169
1215.6338030445613
1194.9478020741135
1218.011248172581
1143.5904937828986
1178.3469696581822
1234.5917358575698
1189.83143992972
1227.153146085145
1178.5772854037546
1282.607013250452
1210.633926858281
1171.3608947101698
1234.0068563552404
1148.8226243957772
1220.8963462411825
1184.8105622585988
1163.5450225629525
1212.187649373717
1126.3971851172219
1169.9491808937976
1216.6581047255543
1338.0387547254027
1139.8432993914043
1282.7706067852782
1266.955328320782
1298.9110222811223
1194.168597567378
1284.8652124481696
1121.3802746915574
1187.7393974663667
1165.287850204312
1150.0634153677238
1264.4103535215556
1249.614595325253
1153.8751392894044
1207.3052756173902
1195.0913769954416
1290.2259372788435
1237.654656198671
1265.7323506360658
1268.0407688125208
1148.5200201321893
1278.195302813187
1288.7691524241175
1134.111071105988
1101.1306838799903
1198.7280810998693
1246.9595315178176
1160.9579586880786
1230.088060191834
1228.777357438249
1189.1460038373848
1246.2705465110262
1207.7389325602112
1094.9917111131053
1223.524460405829
1180.9861734820424
1167.9425370066194
1245.3627528818704
1200.389536595799
1165.6747275958276
1225.712275166494
1244.7049008780164
1260.1253641187272
1223.9057918358571
1294.5262045436555
1252.755580268864
1241.0393962737498
1158.9433522521329
1243.6430591914618
1120.9500062998993
1309.9141903250982
1042.2012064896755
1231.4564880259372
1199.4036569181349
1195.3529057023504
1252.9810053189583
1212.7459649649225
1175.0420414089037
1245.472635205707
1280.6854744201178
1200.7117679390014
1202.8491107306545
1176.4645533840553
1193.7571774147834
1227.2654791556383
1255.4617337045252
1240.6415425640564
1140.086988250208
1254.0051147030708
