1232.3884866270603
1244.5778276028452
1299.9737406444099
1216.5368728748942
1204.8965032940946
1284.2450127531984
1196.5054186522016
1268.8079895050669
1294.338556414499
1214.7974597472758
1196.5392506315877
1224.9250531986079
1138.2256842305244
1268.3414607531618
1337.738595574537
1220.9248719966438
1186.1966502176804
1235.3722942632073
1276.0834066497582
1123.0182420621732
1200.7318821704357
1200.6441122657295
1188.4651381961658
1217.6159400584704
1106.4987242414402
1196.3183011355422
1227.835347689167
1151.3245284877537
1234.3658517100332
1232.7455639861137
1277.5641501651119
1206.26294495779
1248.9120510021482
1175.27845665485
1213.9340073618646
1244.413330752161
1159.4845224244382
1290.0099252815096
1221.2557794779595
1225.341912945984
1220.175944073646
1172.8628902456
1069.4014919570538
1253.284487030147
1177.481522403301
1169.2997677310404
1243.83776008796
1268.857487969125
1331.6663613893822
1298.2230189946604
1227.4009654461447
1213.7444257990085
1141.6208580290415
1189.9866567156569
1169.3604938705835
1203.2447992631335
1270.6009832039977
1174.3548451530844
1178.635563150406
1224.2098442886572
1119.2134351964994
1271.947669745835
1177.773329610408
1241.3988805262468
1224.5661701936797
1318.0165288472292
1210.4456973610552
1228.0940548213907
1176.6243593722818
1257.4374941580093
1211.5489120664724
1308.9585502422242
1263.5349132126676
1168.4580921996326
1213.621294482605
1284.215639368636
1253.1531718373622
1217.3147801153889
1201.1328854043902
1334.681357281583
1194.3880960986455
1232.1127181181819
1289.9558509101169
1276.6990904161312
1171.0739471786121
1198.128808840925
1203.018945077806
1207.5828736758845
1122.3488107158064
1147.3670148133501
1247.470723948754
1166.5318689076842
1130.7233190111992
1184.119307492961
1261.2398423332393
1220.1127787300168
1127.8578425811793
1131.41821698628
1281.922129645789
1256.6433691935306
