1171.1074270314175
1177.2239085734088
1181.0264466651997
1233.2437478887073
1201.6504073193698
1220.1260193094017
1198.894646685764
1207.9479218954575
1157.5143232666155
1158.754493608633
1306.1974669606047
1227.419977461927
1339.0184158619054
1023.9304752789978
1268.3632677986411
1203.74921310282
1168.8619062491077
1251.2031238412696
1199.021683536115
1218.0043599374324
1168.0574189244705
1214.7773429814533
1202.2540193387147
1061.5067608350407
1247.017147524374
1237.8719432461662
1210.248665416903
1282.649257386527
1156.0586288729844
1229.0971674146265
1231.5566223665178
1235.3363671863196
1223.4794628232805
1228.7376018583063
1264.604625639635
1219.166589975908
1157.3107087393273
1195.4499637312165
1232.3439175012772
1277.3806025440115
1340.8946015764845
1173.349279612417
1206.2564575146196
1316.446107058144
1231.4219826942658
1129.5349652764185
1158.6505142274887
1211.1657055135474
1145.5292577631712
1223.3250219631384
1123.086897741021
1244.6487138398068
1178.5697860710493
1155.073403439964
1249.595666870458
930.9320617850673
1182.2677045918483
1234.2243985953025
1265.0576998224565
1246.6301510542432
1163.7018243486452
1171.773977180711
1227.9618542507158
1272.008531968411
1222.9506189533693
1176.5791226397187
1299.235159189344
1188.992725781709
1189.518322540932
1231.6436416672786
1253.404936906027
1305.9100204438125
1199.3812644828004
1201.5801672121713
1159.631746791367
1124.9811483579865
1130.2139423660492
1248.6332478687434
1250.7504345702941
1220.3846380724742
1188.122323302524
1287.4660167709055
1207.1162303053472
1209.557660624462
1303.1682319561985
1244.596227905567
1276.8813170161689
1166.3879079950934
1249.5578989638
1233.204778780103
1178.56932194333
1194.1115954675734
1247.8752320832
1110.400397074231
1222.4176964873004
1265.0895619747234
1288.0721035557915
1226.9428156322917
1345.2782198967295
1169.9348078866885
