1251.662679326551
1232.1568478487407
1242.3315796612646
1167.4719760212606
1099.9258598176973
1191.8954228778111
1284.48837344698
1175.6536387732517
1214.255817950314
1207.6222740389935
1316.057784231953
1195.319175080671
1128.963795313305
1249.0880576721167
1257.7713446153193
1185.6505225489016
1218.1018230705267
1108.5854169969532
1263.675657669292
1225.463954906199
1136.9865832928942
1245.089357985098
1212.8058607680193
1142.7365409299423
1172.1149857815924
1195.5209910985523
1223.441400735309
1232.435641005716
1156.155061412278
1205.7098259315967
1153.1712821504452
1214.628227894314
1289.829328981949
1201.4616798503944
1259.8065799555504
1253.4106809996724
1302.4593578429635
1196.7281608475694
1106.6695014940865
1173.2193020223801
1222.8610833828407
1173.6259866982934
1242.5536963795935
1241.9852262330292
1265.5105961106772
1264.3570468436758
1285.205562913463
1139.6969581439505
1234.2463247986789
1295.1133226998124
1150.1323909342602
1261.9320981536698
1248.857925738387
1137.4320608252792
1235.293451829595
1213.8337416065476
1187.1780670843998
1266.5544903469856
1260.7558949027969
1195.0147724562635
1281.9068891140116
1246.4615417599184
1241.8575069567507
1168.6280127719651
1226.9197414839502
1132.471741066276
1224.829652577598
1231.0091695531296
1248.8426750424944
1258.564598462418
1130.6191234168052
1206.1531041604978
1097.190057771452
1230.507844623795
1227.5502231250762
1226.962937941411
1289.2975163930146
1279.972378690402
1232.7343181332178
1214.4482602532967
1305.0893073452535
1187.892584226527
1228.2871395543455
1378.297976178938
1197.263116423386
1315.1490510312472
1265.5959374990857
1215.1214387943314
1264.3265998554102
1223.1991382872661
1115.4302594767566
1240.3322751769733
1199.105687805069
1203.919675085979
1187.9629983407992
1193.024281830848
1063.555804691085
1180.6141016815507
1202.935351495863
1220.5003777200932
