1158.9316133901796
1149.4813131071762
1177.095313173373
1176.3648635012016
1278.523015706194
1155.7661082330487
1181.5314765624128
1167.5780698305539
1187.9913453879635
1302.6351991427775
1185.7361802092335
1206.9184412864693
1209.865294176063
1204.6975967885721
1069.2497117081778
1212.6783482190401
1218.2652766849626
1339.1575896415627
1194.5995155465869
1155.9578011416104
1281.4468036885592
1157.5280392058044
1268.5216584461862
1228.2268940101221
1185.9845772698588
1233.5336547852035
1116.409068836292
1190.352379320464
1129.5868500121464
1212.6289448890946
1231.0726885023814
1266.8420918407967
1227.7753414486801
1163.0449696447454
1293.8963803069798
1151.9561483414273
1278.9551561510805
1296.8538755936581
1164.546271348405
1206.2895756330224
1213.8174919987803
1255.570978501873
1143.146341459412
1209.7542751856588
1141.7741988448875
1163.6093995503554
1252.3904877627817
1350.4372922411103
1247.2037478301077
1192.3263256551143
1248.4131175618422
1221.671200855319
1231.2994196527695
1226.3542751906314
1208.8565831837877
1250.1527301431101
1302.2595527829099
1237.6072519836043
1223.3803709525969
1164.639328365773
1126.3311407414442
1194.1395280904235
1178.1017731030654
1287.5021039889593
1298.8667707480417
1202.6097105514077
1113.8065410774536
1186.9401288856884
1297.338676407676
1241.2749517720497
1276.6992783677435
1143.8477870676672
1248.2769082936672
1251.3601868659398
1195.585947903542
1221.7704522190477
1182.3823686560534
1186.3356995661954
1195.3848279345955
1234.0635034992295
1264.4247294494894
1121.3631409427103
1207.496179314377
1205.0090901730337
1158.7246297480178
1052.8208413980917
1315.2291710361706
1237.7291817785072
1168.3535763281916
1246.0099293875153
1283.9531840496209
1211.5383549289359
1113.214540078338
1187.1527140792246
1278.321438230235
1216.22526218327
1166.0418957306326
1249.055913192014
1232.346160965275
1249.8468289304578
