1224.4990235713956
1130.3605324986568
1186.5918512594628
1233.5777041591916
1242.6652443586158
1200.673413511808
1096.0858370670435
1148.7575128037506
1140.3247711745232
1145.0716974078941
1254.1708696535206
1214.6627618698706
1177.776811901765
1205.5874955416414
1224.3201587468056
1155.5974637580807
1257.8981768073659
1192.8109319940595
1142.5433984004817
1203.879526726517
1149.843070234146
1200.3165825870253
1270.5105358986566
1148.0188344284513
1192.0759819412083
1239.7024180860933
1141.9241816419242
1253.5683568042691
1216.367568611335
1153.3846277608259
1230.0651380472157
1167.5472091192282
1274.6144040084225
1208.4388484144479
1164.251942230317
1207.735905670048
1165.1134456180457
1210.0875940849128
1205.6986177054846
1313.996763819368
1194.6226749712334
1119.6725248057219
1085.6551634109783
1248.8962292926171
1279.5921951204473
1183.92317458794
1138.0362970982494
1238.906010582678
1217.9347723438334
1301.304972148247
1124.5154204977014
1130.4068726007124
1186.2400840094747
1259.734243677177
1248.811753489574
1187.2320852403861
1255.6659512937913
1238.2726566511694
1119.7122637964237
1228.1177281415028
1182.6220982768841
1232.5554086294617
1198.9265727548031
1125.2277700229442
1212.18914046024
1178.402679641326
1192.912773943668
1214.3227466055475
1235.5358415073244
1192.7211984585842
1184.3320868436674
1230.9864068671277
1275.409797029504
1198.7506005525368
1206.4796705083393
1113.3369507931466
1164.3037433643558
1194.1601338502683
1196.8101908316312
1227.8983608778176
1290.7586268186683
1257.6857963737398
1228.0383688854577
1131.177207334696
1184.6623044733847
1168.5181781708834
1153.5919579699178
1318.2905009698538
1191.2111225359888
1224.203605525126
1218.309909487653
1167.6038748090484
1170.8708006041418
1181.2185678223902
1109.4090704088603
1124.126291317869
1191.6023206515765
1260.809350118143
1150.018412959906
1237.319464100931
