1161.7795365346
1288.920920178257
1148.1588041486793
1122.3419852398113
1173.5590106972138
1165.6643644281978
1224.8005331101447
1146.4739542032653
1251.3423003295354
1135.4347901533868
1236.7254792915192
1271.1804614654836
1217.0806492844429
1209.7272603154859
1246.031519704926
1172.3705722153338
1090.609559729205
1139.4114668458806
1183.969165810797
1187.5012502474954
1253.5166681318453
1297.970774537228
1188.821714738462
1241.4706486429384
1244.8129714520946
1288.6472103275962
1193.813542925343
1154.5598398085033
1246.1621184619164
1227.2512025756514
1165.8798050454188
1174.3054890957917
1131.6841187939535
1240.7513434807709
1199.1491581555558
1171.4742013997673
1324.9073797377412
1202.9430086465056
1251.1637090850047
1284.4143687747946
1238.5974446427963
1062.103327254299
1241.4063236654124
1328.0634488570356
1195.2656680079235
1245.2667614356708
1268.772834643441
1162.2285304460386
1220.9864219932524
1126.412510912698
1236.0116556833505
1254.1642370982624
1300.2566903877682
1175.4492322883898
1194.578861791268
1227.5601933779953
1161.4558767834676
1252.9805433050565
1243.46307171627
1242.2592038093935
1218.9573868752343
1180.4184529439342
1293.3391825422034
1230.7364630265274
1159.0480496439457
1227.1658567246475
1312.7790605733758
1304.083311755518
1185.695834222154
1156.1418298838748
1219.2503894352317
1208.1871747387531
1121.2168527469219
1255.539381514868
1277.564963498839
1183.3573932873817
1286.3031194628313
1152.296477894387
1178.5294216234483
1234.013907959992
1247.3657555828438
1235.7966320095138
1198.837472953404
1174.1716261675288
1216.7930368106258
1239.8874853810892
1206.2712171545425
1124.7318009543965
1090.344745551165
1280.8916706546954
1075.1110837051474
1220.9215292815559
1265.1784091045017
1099.1306979493456
1187.9206922609299
1291.804011619038
1249.0888403758117
1204.3045534039527
1098.1319204791953
1241.4520135222242
