1033.7069568502654
1016.012305912505
1056.0081091317898
1049.9922156537377
1083.9816499489273
1002.0236571240926
1055.1492806086794
1043.908217615755
1019.2501405614831
1066.2975273423408
1028.9344038052795
1011.6441542442461
1087.6551618392784
1036.071135263479
1088.1666032477383
1137.3020458645171
999.9350907206668
1022.33844471232
1068.8628867745854
1082.8541211372012
1047.0883479706001
1087.547037444566
979.5264486164695
1057.017479423776
1035.1453696128906
1140.5083409941772
1072.250323075449
1100.714602807211
1045.6430334113008
1052.035349166921
1144.8355495861404
1078.3471516515535
1088.0836959018616
1098.732343465039
1090.0082965744023
1086.3434098724642
1072.2975487922438
1071.6861499951829
1021.8089631875046
1132.8325036781334
994.9432242349118
1129.9336718267814
1079.3042312682655
1045.0621921802124
983.1668280581206
1051.8115764148015
1102.762030165659
1034.3349461654584
1028.9202906156222
1012.5408205933786
983.2414518043113
1116.1662640926597
993.906889107834
1005.5489834711564
1056.474855609414
1016.53067951963
1037.710671238747
1050.2789788489788
1090.730538078006
1017.2796463239733
1038.2225961384665
957.9679261947915
1036.5322150689756
1084.4411856462145
1030.1067455332275
1020.8274148341891
1099.71515122092
1099.8037287203256
1100.8500412877481
997.4536455455806
969.0345944162813
1061.2467802588906
1072.4278359423977
1035.1454976829032
1024.3879673078093
999.0892404609793
1071.213601830561
1035.1323467145166
1050.0699131923652
1097.9282794419141
1080.8312437532284
994.1939967304204
1085.461620107795
1044.962207731301
1106.0367616204846
1093.3869840314217
1033.1131052046617
967.4064148864103
1104.9868580365385
1086.6180811358665
1124.688862926222
1096.8554935945351
882.6761316057929
1074.4138566968616
1094.6772046291987
1182.7475962473295
980.6430821538719
1058.759408319838
1063.6303196677648
1065.5474984566752
