981.900743884177
1024.0320716352867
954.19386868582
998.3871440094651
1019.108313679802
954.8859782654864
1034.7649449610074
971.644373645847
977.6902915152658
945.6489883380109
1049.0451047536415
913.2666847799127
1031.0275509439962
1039.989796099859
991.3252038704333
946.1379714388819
879.3700085314322
1043.6072147605241
992.6460011488105
890.1165571345717
935.1520787161105
1096.4551941346333
942.3034979043132
912.8604199623875
991.9965199179263
1004.4954597566564
961.091082417508
1053.2505609758675
1008.4041895893268
990.6201448862726
1004.4249369870817
992.9652832474621
984.104027412854
1000.8492339733147
1001.9477260318372
1003.6210966943138
989.9868339602044
1042.4081476354722
929.6676018991486
940.5360097378117
963.665053050088
934.1100623692435
958.7400735816692
1009.0843159007035
1040.6767819560332
1049.9193847368663
966.9185905413309
1049.6105410412179
1024.4910122923438
1022.0956250056018
907.4950597932708
990.5246751922356
953.4647129075246
978.0683423478195
1072.8364919841736
995.8111761425116
986.2960112170082
972.7828892608669
946.1255044259156
1010.7291027747722
1020.1496631456514
990.577803053608
992.9518159454828
1025.0201187191763
990.062083763016
943.9681510771077
949.5169759929172
963.0735555410976
921.1667011140358
973.5861834205177
993.2513834489297
1020.5888330330662
941.4730861359033
925.7577861940448
985.4986168487901
967.814014868505
959.1865875496408
1016.5577113537213
1030.5634021426017
1101.861079108759
994.3306978691129
965.3344261017813
987.9645731879285
1028.7649362221937
1041.1321783602607
959.2500591088921
956.203507525814
1020.566522591388
967.3682395449915
991.6888021524402
986.9233853023367
1066.4337590494827
945.8648155123365
1020.2559496819667
961.992910965413
1020.5495347365714
988.6618056080974
1022.5965141020562
1054.4756505009166
988.5513081479965
