1010.4237157162303
941.3475285925199
1052.5589818902827
985.5381402945627
987.164020704873
963.2475827765653
985.6198882387705
989.7132139210734
1001.331860851091
989.4202906581169
932.9769511249309
918.4560738212033
906.4026643371028
1023.9549867076724
984.3608946655355
1032.9266407112787
1059.700486172869
1039.1408833066146
959.095139335196
957.0332194152588
973.0077812579128
971.2799199927165
938.3259104870169
1007.9917372140226
1006.0933495598246
883.4570252410042
1027.3099045182255
969.8090075195394
873.3078421156954
1039.5298837299003
920.5680140011349
992.4243465236359
1011.6509616544552
903.204235315334
939.4681088283944
1042.8167712157729
997.8879405728353
1012.5310464234389
967.3678975706462
955.5730255127853
983.3119575911214
1052.2725485793655
1023.3187488236696
948.8498959698352
1058.1535545940085
969.2194960239871
954.3538311906
970.3686408826233
1051.1770038816542
961.9296053847493
983.7052014040662
994.0548866848736
951.281654378691
984.9468898234494
1050.4693097394795
1017.9379833050531
1044.6984299811456
934.5869838741387
1011.8749405583917
971.9831025960315
1105.2185993983092
953.8814198159348
958.7504136323755
989.243598650491
984.7274465705145
1014.3170820490324
1065.412547745424
978.1834723282616
967.514012732245
955.4660893492181
975.741247901774
989.2650200730844
886.4570181416891
966.8345833398804
909.0942119292804
979.8504826940884
996.0571503577617
1012.6096750699861
945.0331300483483
982.3894778299457
1009.8557603371113
1029.1828682358246
1029.4648025661636
953.0177469885467
980.2076883282137
1026.5647996519156
978.3159543674593
999.9526504624283
1000.0267079162254
967.0112757565242
1025.3947609229608
1020.3073955207631
1033.15469402686
926.3667207794517
1023.5506753072584
998.4438394977689
1018.9903982745792
1047.5068162034665
999.3442389432147
1041.4035777171014
