1073.6913980446964
989.0840992513877
996.4672223352499
973.9112949999337
1038.8892262837053
1035.6430323398984
981.9522973298979
943.0982365198323
982.8394373537803
1020.9450376307406
1048.0633681054576
990.477206732928
933.3988154191555
967.3548572307571
1004.7010976164638
1007.3346596015926
986.0654878829786
919.8139195313339
1020.650937837918
1022.6936315028814
895.1666515236803
1068.7009634312647
982.9643624606913
1026.330495232813
980.7093237327331
1038.2805415076796
960.1437888243072
1040.7503984445334
1013.6110260383006
1047.1655781744846
1047.4383384156504
974.2158439966174
951.3504358259161
976.0223008939228
961.3818749359449
1028.9184578158283
998.4803964872691
987.6605476231366
1038.4157006785829
993.6975965690763
994.0119635660587
997.6054999089764
975.8462241478542
980.7498585846605
1013.1103998989697
1043.5846075456286
1029.7280738437141
954.4713773109146
950.6802862832386
972.3939339836525
1070.4821839566873
1073.671385835256
997.6991275836419
1030.9733415771436
940.8797649869589
1054.4418202046802
941.3555527093431
1095.2405578895564
935.8255783782813
1081.9816349697264
976.6466276939784
946.1123546652608
1015.567048593585
1016.7379144403343
970.6211656070498
1046.993011033593
1008.1792599811016
1029.663356985247
952.8476239685046
1052.6862494361653
988.7692310537448
1031.347944076658
959.3813666799863
992.2523437576339
1058.7737811486222
1028.434977384281
954.8462865226364
1013.4556034119505
1019.0731219724165
1031.2946276661544
1023.9270262880393
990.9612074577533
1052.978924343064
1002.6740984966314
960.1075466331436
874.1811382505664
1072.4523702093186
987.2134320609055
1006.1854281128767
934.6890546377563
1019.7751639767386
931.1257884138286
1055.3029228148228
1045.2680018761178
960.7402152349483
1010.2558872017165
1047.5263200165239
1065.6414721041428
989.7720493993389
1035.544793924447
