940.0367725357648
1002.0661133970633
1004.9027973444687
1013.8775325457918
1024.0112314157102
1023.8433563092377
922.698480117527
1039.634861698045
978.447027809344
1054.7401048268687
937.5557596246568
937.0987788485783
996.2749361329309
953.3123194094618
1011.90482565034
958.0504183154147
920.9342341368258
947.0069723846836
1046.1173121767104
961.7209510920957
886.9952001210044
948.5604418379013
931.8675391161049
948.9448089626992
978.6150318620822
957.7260463777658
935.6306124707215
994.4321979437399
1046.474749182712
997.3349544798391
1026.6366449354914
919.1621299185219
1030.5542997903328
1069.4000067881086
914.8368695539533
914.1662115975017
930.6628048418289
906.8861293009893
964.0221313910436
954.9934491732739
1040.3776547418431
1089.177718871805
1004.8987126299305
847.4743286873913
986.6059568296967
937.348749926996
891.9257617378855
916.8008372499164
1027.623166316976
976.4886221845378
930.0162859243172
952.0069585929718
987.8595149014227
1016.6326884003325
962.4552691690863
972.9547683665595
982.8055726921737
935.1060251598259
917.0476552944187
1026.1383372170046
1029.2952653364694
966.1324601256422
1044.2992471906687
1005.6531198350227
981.3037966899215
998.1127691670135
982.8808255139405
971.0572485523701
991.1880775850852
1003.594031236672
944.2757770583255
985.852857985561
1025.4203258468708
957.0428851050818
995.1386624483672
973.3404307803717
953.1116690768425
937.170776674169
925.0191815595488
959.4875608035574
917.0930609672934
994.7595511562764
984.4847228387391
960.5361112625928
945.9976512501033
908.6049765326403
986.2081103709166
1027.1256962645275
965.0106149830455
948.5000908523177
935.7210448403747
920.0438345550183
939.0960896836692
919.0153906657766
991.3610900145807
1029.0809277509068
984.6846558112934
963.0380963491533
1004.5808559934592
980.2708052822309
