1062.8598648533068
1000.6155047255722
1086.8836420625912
1072.9938134402719
1063.4763419667356
1034.5142378681574
1090.4493416899904
1091.4684367749342
1046.5053721657853
1115.399826185954
1047.8755729519066
1047.0549007149143
987.6704506541532
1141.793652173243
972.0999073693926
1014.6469420404184
1161.3094974067028
936.9844292026343
978.7662476911858
1082.1993375014722
1010.8613687721158
1119.4544436324975
1068.708633893949
1117.36376846293
1081.9013542712405
1018.0542466005701
1137.3544037204658
1035.7677018125398
1091.6957374176457
1134.116209649183
1053.2043231317334
1055.9864197842942
1101.2058422020464
1148.6771609728862
998.3179534950623
1017.4538476673441
1083.2877171817156
925.3267985815293
1088.3385520927231
1043.1309215904748
1060.828095866465
987.0684987608245
1054.5589271120677
1105.6814013683486
1122.491330636793
1054.425152634139
1093.7033312022313
1072.0341461108474
1025.771238193
1030.3165600138166
1023.9414550876559
1060.5995557092374
1141.5624597362144
1160.2049398649247
1086.8160610659477
1162.1812975295227
1156.5264284693533
1103.614523325811
1112.546961789578
1016.57075104284
1078.9576752910484
1120.8103117486205
1151.1949400938065
1055.8105461387684
1091.5294618908356
1065.4872815167716
1041.0534313902783
1115.7953902388276
1023.3611716204177
1031.4781069568676
996.8288649994648
1051.6777731630166
1014.4458553026238
1030.909427880409
1059.773566427055
1092.5893584339244
1079.7643109902733
1095.912054292784
1078.456002962974
1062.5124260495543
1137.1720925772395
1015.2650392331265
1098.9097860417091
1118.2969549925972
1079.2951588995204
1091.099361246163
1050.4255025793498
1081.5122786123254
1046.7794964668085
1066.6345852069153
1082.7318335900138
1064.5824907360695
1115.8935918790269
1061.6247300364607
1057.608616148099
1058.0081855512024
1087.0894147033737
1110.903154161289
1128.5471236308717
1075.8241604280602
