1029.192833873037
922.1523220250493
894.7011003925217
995.8384269024931
1011.8728627672233
996.7553240290295
917.5438658449151
1026.3139797223346
1015.0257260323078
999.2450326931717
953.9453674546787
969.0255639792243
952.4442362190936
864.3132974464287
977.9343625223029
1022.2409867795393
1027.699102911204
1108.9841757979914
999.6014179895581
921.396167087833
937.9234043348212
934.1845386476832
901.8777759556467
957.3127668553864
1003.1807234592842
908.0028696897629
1035.1728459683195
921.5969879659158
998.2368625221105
1038.5275614407062
1074.300181537797
925.0267876784374
946.659369513871
1012.6604580728867
944.1559276836673
998.1733587012301
1054.0349982265327
983.9140375792871
997.9924710104631
910.086803091003
1049.7730383113515
1050.877228860288
1014.6690808910136
1030.654521023123
993.6141996376409
993.988882891129
969.7585815776308
1030.353843847374
983.3205002343675
930.5824958830204
991.3513281629045
983.816857050156
1051.2144793101347
1015.4794433416457
888.2629583979041
1100.5974617919182
1089.2647848957934
947.702969143617
1070.067646459143
1021.9940079769054
1111.5598169449179
999.1819981553978
1043.152716195803
1066.3343473738323
955.2505770727751
1011.2057810980018
1054.8424195304988
992.7611241663958
1033.5791428588104
1038.797508901502
955.8238502202016
965.4083812292324
1012.3906063856537
1000.8893184998738
969.8018961280226
1004.6640977966907
998.5337677389882
1000.4145137777193
1075.8894180725854
1040.8146014837916
973.5842732704955
1027.8733672750284
975.3425252385003
1080.9424545851991
983.2952380349726
1056.4818628301125
1015.0051539593316
986.0015207179139
1083.382272420729
1044.946331072541
1021.3051744873362
1076.556169229546
961.5023058835108
1119.3860542611797
1045.9495377127419
1006.6066551696634
1040.0750913406148
1017.6441878273047
943.4388867321834
1031.8754255653423
