1021.541259678138
986.8317164192619
1011.024897726664
1051.9433769485877
1010.0383425071279
998.3240118388127
983.8674408951979
1088.030876451082
1025.657521170046
1024.9476239629655
978.8463756743497
983.2244536501325
1094.5087807704306
1056.0176434079413
995.1493524201268
1062.8923313274172
1054.1971132917217
1073.176304056755
931.9851414200654
1076.5437822150286
1023.7492070694915
1045.372221702059
1039.7667936685202
1025.3144406921733
1058.1779604126982
1047.7539100813528
1061.4233160951844
1077.4530369797674
1061.4435737535998
919.4387648008862
1065.7948307642648
982.8005460026874
1060.5681544396348
946.1532556851602
1019.4564107011383
1067.4434032612983
1013.8257087065526
1022.8612723601533
970.7125397986732
1067.7532578123305
1028.329490983513
944.6124627118884
1037.9750130491905
1046.936286205524
1028.2413771605015
992.1453012884845
987.7678093553595
1071.6819863002165
1089.6085457003487
941.4523660577248
852.134164353281
969.4165310398278
1092.302014974349
1023.5470092547611
1130.1298321912004
978.7426981670193
989.9042627971477
983.7297679721933
996.2910761715594
1103.0795426237235
1019.2767896502503
1021.3830143132716
1006.3658661069911
1077.7932188805846
1004.5564247049431
1011.3382776478948
984.9268291321804
968.0618429544259
1011.8732450700661
969.2940531803946
1028.1174544859925
975.5451375341219
1026.6439636158034
1023.3812936668536
994.2314611988338
1061.0945623372443
1030.723108184861
1035.4719422707706
1040.2155349475247
1044.825116892874
1004.8672488770036
1062.015714820577
1029.0462042277236
1130.1169966473362
1009.0601013202278
930.6229348599069
1047.5808066605625
985.0862670953036
969.9686912735746
962.2087680065686
966.622690039942
1010.8088551649687
1055.1504677183034
1011.506093786842
994.2239554646104
1047.4657447637162
1068.3590206591418
1123.532777177454
994.4014406376872
1075.167165293439
