1032.1778510169252
1057.4130128671654
1111.4989863917767
1061.1319761738441
1097.199990417261
1084.9512161466346
1112.441967627311
1082.9374107331344
1074.5575714340455
1128.944815850871
1022.308798059284
1013.7715371293781
1101.1230212651965
1057.8689173174994
1070.1435720618065
1171.9433789135255
1057.3103302968354
1009.6718565511346
1098.0965741078498
1068.24132181447
1136.128754430153
1147.0543621463498
1071.4803143125112
1024.133281971008
1106.7077810925596
994.6379993475443
1123.2705595985537
1114.677684943307
1044.6947442446228
1097.427297095068
1014.9910362400409
1082.1253852960765
1085.7858597938518
1039.3404297263628
1035.1289793759497
1071.0011053391165
1056.6065498258706
1020.9220371637449
1048.6114725952268
1097.0371250833916
1134.7863570672537
1069.161523853776
1088.028162531971
1043.5919233844768
1034.6475601896368
1162.8199274885758
1051.6968692729226
1092.21657664698
1094.5139737192724
1049.8142836074778
1165.8616150215864
1093.070743846695
1140.606420836162
1135.2700330530777
1049.020369198803
1185.073215399115
1096.7613816726098
1060.1916893836376
1060.6805876475685
1119.1811435198358
1031.1619132429196
1130.0269068959276
1179.5364735863434
1177.2005723218288
1104.181974751181
1266.510060699142
1123.0661273813487
1022.3859520550503
1108.525260278384
1071.5846474771338
1173.7532305457817
1060.2442741754094
1093.3663155448503
1041.0316766913204
1219.8790584374308
1037.5238272928545
1196.2419199190379
1011.6537634944733
1071.9120922118877
1098.5713872830602
1070.9193831927755
1141.2791617298258
1100.6467873577224
1028.403698162438
1035.6965544312284
1106.019706258056
1091.509821572581
1081.1577842516972
1151.0535778681174
1071.479408715427
1130.1398545067868
1157.368592727538
1067.2707474078202
1049.993673050016
1157.6996803015845
1083.1980523937457
1100.845261964293
1019.7852614141896
1005.0494282860677
1063.768852664886
