1122.2759647227344
1121.53795773989
1008.9129469883559
1077.7247040972716
912.2715091436048
1033.288407619053
979.8193127313084
1062.394530244756
1003.7700591825114
1149.1625974113385
1036.36880127241
1132.6310163965002
1086.2250595414837
1087.1257545153708
1058.016272908453
1110.9512953342523
1149.3873689791858
1121.1125302409675
1137.4536578618633
1139.1402945688228
1087.1344719393196
1091.2788341680134
1081.2876892499926
1103.4913479665695
1055.2697858476952
1091.8329837174006
1224.1825689120033
1016.2713459952872
1071.1070470989314
1113.8720663489223
1036.8621533433557
1151.02926740305
1092.807633758071
1090.805595810723
1093.2142517776124
1155.0189606318856
1132.5380394459355
1098.0010834692148
1102.063475746735
1021.337452151485
1066.3468272434811
1133.6325640248115
1049.9380701785396
1149.7951548492413
1106.8507619954753
1112.4203189067703
1086.0869114683005
1032.5311551946463
1158.3738680507033
1078.358728116715
1076.027883264223
1133.6287346067159
1096.1059390819246
1132.3830165739648
1112.265417061276
1142.561866594902
1074.8929290670214
1089.6941406236272
1134.4057415350126
1174.8356042489097
1091.458381599593
1023.3526461402251
1079.3631332426312
1064.2346061725316
1078.363287793357
1080.0417398220957
1104.7436012074843
1064.6994436762163
998.0926016786168
1044.3421179884183
1052.7035308574023
1049.1252193298742
1076.1659931684824
1091.3881766662503
1203.0228542493119
1106.7695726113825
1015.8176388927402
1088.5292268148862
1171.845359648005
1124.8436034780345
1130.127290601913
1005.598754322649
1079.8724756385504
1065.6119941837987
1057.1142703210573
1112.7374979614056
1145.4559165177805
1065.2850542600906
1016.0043969760893
1157.7148832418595
1106.234702253508
1056.8856011812027
1155.0193141858415
1050.84772668516
1085.1471945569956
1091.9984639041277
1076.96617897771
1125.253352682193
1127.225498358426
1058.18359464039
