1037.3242142021077
1139.2315108280213
1093.885535242298
1058.6342501800743
1035.124662385598
1028.857112647802
1069.9125873753962
1035.5165097976956
1085.5011631545574
1015.9576679870387
1149.1221575637887
1084.877200986869
1101.0870760640876
932.9095291751678
1173.695065010539
1106.2409958416486
1068.8381797356412
984.9494845709652
1087.9643764029872
1149.1334008839185
1077.0175187659288
1036.5854521833978
1096.4764619683879
1118.5481012283312
1108.7912919693597
1046.3533827038777
1175.7133759493845
1115.685461633972
1091.5138621092947
1121.239601699847
1097.5710957773
1099.726010281461
1063.3923853961562
1100.5517235050554
1082.3241453624996
1081.9313602243544
1104.1487705027828
1076.4853139489092
1146.1771477022141
1055.2919493042284
1024.7138343230745
999.7559954046599
1148.977442323518
1005.04376392847
1073.0392474948605
1041.9329618908916
1069.1888055144639
1205.0328485335538
1004.58158009458
956.6211594934374
975.9520663330965
1111.5477461688095
1048.1296503854496
1067.2261421630058
1091.9182490126063
1133.829935267157
1014.2883355907712
1082.8318462508134
965.9538244682784
1092.1512186426787
1077.4504327236705
1122.5862526497885
1051.8361991592324
1154.1811402952771
1093.6476706398594
1171.6224786151015
1093.6739132217956
1141.109354489834
1087.70765558579
1045.5564523450078
1050.9929973179326
1121.802650180703
1124.5754334275846
1016.7330303035512
967.0992798233725
1088.7655432163892
1083.4083805307293
1152.5440893876582
1011.6856737140813
1067.3552566591782
1118.3299617094133
1118.8589337799563
1086.8111593209583
1171.911277002118
1133.6451522526136
1058.1784035129176
1095.2452406392206
1075.6704719582642
1099.3813402117112
1137.5684305101036
1114.1139156821357
1126.5993395014439
1145.6493892583849
1076.8948051696661
1046.525497089177
1115.7255766370918
1084.1457383790423
1144.1391246177943
1062.9427197029368
1003.202334231446
