1158.7366200913552
1157.376135778669
1039.8396277024274
1009.5571590049929
1033.1071905396034
1167.4030967364752
1120.5834376936727
1100.8203283866794
1150.961926604055
1055.6987745978795
1091.6401958835527
1096.6743492680241
1085.50746337261
985.4188002194122
1086.1805320567141
1131.703439466594
1126.6853250625506
1048.5684131779535
1128.7600855935673
966.4144765437981
1015.9741400125471
1081.4008701717385
1110.5080228535312
995.9798402069624
1123.8715233470325
1096.4997739155833
1036.581459671568
1083.287507547072
1108.6413493754878
1138.1950329949846
1008.1318235372318
1096.9747866996663
1073.1882134352632
1160.624192270462
1079.0253284067203
989.3427115170074
1106.9770006582783
1096.8809220641158
1027.119923781304
1143.9253534601369
1086.064914206667
1069.3583625291546
1134.1586209158095
1035.6214542361313
1146.3499763170423
1107.8302011585276
1125.8458811837759
1129.5087317417817
1183.320736182395
1140.598829418592
1181.0038313422995
1061.5357764338346
992.0922398547874
1049.0103954985793
1044.2404211341966
1153.6196627506747
1015.3749084994411
1025.8666372191371
1163.2679711470764
1129.1188008549364
1086.9915829498575
1110.8051412961195
1079.4640269877639
1142.5993492832652
977.9304493782796
1070.088552349842
1087.8096202448428
1121.5971905904073
941.0191369486495
1080.605598415469
1095.7815276843642
1144.0461442603437
1037.1205851476352
1047.6416683498237
1014.6408528077436
1083.03583015153
1141.0670194995757
1121.8758667258628
979.2875555783293
1003.3659130714424
1073.3982531141635
1154.4998168733964
1140.5285565663019
1016.2892410373522
1092.010032391908
1166.388703477195
1060.3761487885852
1144.237587908568
1073.10211799088
1128.6578929716775
1008.645277282566
1112.9619704490467
1150.7526492090137
1107.1183069432655
1077.474252120431
1197.1355133488948
1108.692653141747
1113.081582385815
1134.4229033144609
1142.8757960041305
