1133.9295937522274
1017.8840087818381
919.041887396342
1060.8736514077582
1058.774083223772
1051.3246095600184
1089.4891681309136
1047.7474091430668
1039.0152123290873
1082.7963733407205
1129.3016591614612
1051.3119832328432
1043.5701142386547
1127.4423085864648
1162.4469971307676
1156.2106466088142
1133.5626505442413
1134.999760251516
1102.8014272403946
1084.8474064938375
1094.7123972389738
1017.9464044988273
1078.4245051991102
1095.2237889328849
1165.710910208922
1064.2815303289412
1107.7854506461613
1052.6135629359947
1114.2326200014352
1064.5252924938982
1096.757692236316
1102.843336416993
1058.6603120105324
1034.000998403096
1054.4864150589149
1115.8081520182286
1105.0919853482765
1138.4554999796173
1118.1859565680124
1126.112503171392
1072.9333027151777
1153.3748625604119
1023.6423623521955
1154.8910388515997
1103.6870051009319
1010.3476920243858
1117.6490430602767
1180.250106357206
1112.4729318732334
1071.249414094235
1147.84135133236
1099.3218235586219
1043.1990411548782
1126.6183221300416
1100.8386755739546
1064.515874391962
1150.3534169811076
1087.5879372423335
1099.0399721099077
1003.2396479953458
1106.1622607105112
1102.7369352953347
1000.6747593207879
1112.3905227357004
1141.0685266552898
956.7584268185138
1125.01298821981
1178.4223988679573
1034.7073824984654
1030.5399517801166
1127.7618247618266
1041.3538194108035
1123.3183487530212
1093.0584797740403
1011.2948111466176
970.2624367698061
1088.582773341391
1120.9659492947326
1021.1072588940789
1015.6145241271713
1149.8330780163744
1072.1751483275839
1049.4471531141228
1101.4987504160263
1086.8075170776378
1146.4813250932625
1194.7637497829148
1113.9369867446248
1089.2295610645301
1116.8385794276408
1064.8040634695374
1096.2673983202847
1133.757253340514
1136.3498356327698
1092.942976790359
1101.4757784547983
1082.342262327003
1122.4705281010426
1068.3822554483893
1156.8475469113118
