1058.2519966040222
1211.7848597321781
1059.9439974623194
1060.3799475837307
985.976686144922
1159.376664119191
1003.2933110578837
1049.8688779202341
1117.5685866965462
1121.0039420491803
1045.191099042774
1128.5471015695548
1067.0729739836133
1078.5156117162028
1049.390112393233
1156.1998340299053
1028.4582668954806
1117.582262097592
1133.040968221197
1085.1620023321013
1053.1490504654926
1051.2057063190368
1136.214621394293
1040.7836183509482
1001.9489697861353
1112.465012582664
1111.9752676959763
1059.7778499305082
1156.4065546439672
1133.1811879772542
1018.4367538411752
1032.5336849289272
1028.9260396683303
1145.6729628493247
1119.7861536799085
1117.4890968653053
1063.1456766593512
1151.8768639909533
1048.922624735948
1078.9803915133543
1125.1897246268275
1088.6765557693764
1138.2193553697148
1150.3946153956388
1073.1323434208434
1028.8651139531362
1074.2795316108422
1166.2646043556992
988.6661960614313
1060.9960293016002
1106.541749747274
1046.4182294338714
1085.7223115524664
1091.9069731556885
1102.8865667295834
1177.1396862386077
1130.810605924087
1076.3918404789265
1129.2910586277
954.7415292343411
1167.1767995210753
1152.4054056995851
1128.8534693850952
1153.962531831153
982.2713745070803
1060.8944897060521
1093.7854100776017
1072.0062572888987
1095.536736440261
1113.1910385274741
1046.4973171045722
1040.6082916621674
1131.398750566106
1137.8331923754354
1049.9055203069372
1138.573050079087
1100.8199961214152
1150.8082379346415
1057.6465205030247
1079.9658393015588
1039.3477383520562
1089.0777939742025
1129.457649035646
1112.5184745902627
1042.1817993914506
1045.5950665584735
1164.7666230002835
1160.6419271123748
1091.889081758308
1121.4310710698528
1091.6409842519956
1038.5243242564975
1099.9573434796687
1060.7484194402666
1078.6125024790433
1060.015938116961
1031.0568310293716
1171.3625996937326
1089.918686342495
993.786355127344
