1138.6196882809566
1134.8225511701726
1094.6201699281198
1042.9154072144513
1075.604508491032
1071.2215571616114
1039.2923712303586
1097.3026954723114
1041.0762456000807
1124.9519505721448
1127.1062469008407
1068.7802199118337
1049.8241890214665
1164.3313319797162
1117.097157226666
1072.983291197111
1030.4101002023278
1094.1159991559837
983.4757646464398
1098.6740783306038
1195.8838760355407
1144.0710168335265
1038.9377190606942
1128.619436649526
1072.5996034370398
1132.7537555011638
1117.4237301089445
1086.3337864969458
1140.9487155826757
1078.8068617073532
956.2513293692236
1062.0926312875804
1061.6691387180947
1026.7493554079301
1171.3400020573413
1077.8939754464575
1107.977251041633
1189.3491541081282
1046.7500357930828
1105.833816364355
1108.6768995561724
1101.0051384988963
1056.0918875354146
1171.6926832215195
1195.7736362553583
1158.6306498603183
1066.6907118909696
1128.947301103058
1140.281817212994
1051.5973571019547
1085.5161665750406
1123.8307722842344
1035.6826698614195
1084.6739941889332
1140.041561645473
1091.993213987151
1115.7855034563215
1069.7442305157037
1133.4729932342998
1110.6028750032801
970.500173028012
1042.2995972435092
913.6127714336102
1153.119933310767
1128.9027470565309
1036.8463122677795
1134.891835464977
1004.3724732370927
1127.2054925864495
986.2040222001435
949.4024775457882
1031.7492851464026
1130.5226679837085
1013.033837230774
1144.7144606889476
1117.4036197899277
1088.7173098035075
1011.2430725685522
1046.3897012166065
1142.1607733026644
1125.1600127657057
1033.5723635311374
1076.0448422150516
1040.7522154183655
1156.4031943367722
1043.36047530627
1083.2715703903584
1091.4644909342044
1105.5957210135073
1127.2829478005208
993.6772115159197
1039.4673228506713
1177.7997434209283
1111.2381171766128
1151.4225376025465
1103.7109612139268
1109.3816452742162
939.3452344488509
1088.861851823386
1043.6507795200218
