1045.0444914459797
1123.503606356062
1132.240998085259
1129.0029332003478
1106.7157226721663
1140.779728846783
1147.3335242846892
1096.3428080638134
1105.4874703290131
1053.3203772431893
1160.225953678804
1105.9510236979204
1107.338642049761
1137.2014901387076
1027.6185230997369
1124.0339616409422
1035.6994811224029
1097.7007310301374
1120.7677205418552
1072.556547088809
1119.748806377221
1116.945982630514
1080.1647396940812
1062.2771477015215
1109.2718209220932
1079.1963253201907
1140.1807404635383
1124.1365451346364
1128.8003431507416
1089.1062067268717
1102.9889876846573
1073.6845898601755
1121.3375167252009
1123.2484787451938
1142.759749456472
1097.8009425120604
1093.7184093959318
1090.201533612381
1051.449374764911
1119.0404320158732
1097.9198013413964
990.6564190928475
1151.750684775846
1119.258651404517
1141.8957830666304
1095.9466741596666
958.8128906927874
1113.9778496252618
1161.2019428787655
1049.4775349589254
1115.4642155045278
1041.9831679226572
1077.407314816754
1075.9696317366083
1099.4862551933604
1169.9299255834314
1053.0335194614672
1103.411337655147
1133.1249107286612
1098.9185652523913
1094.3047671253187
1166.0302470711727
1074.8915039922063
1173.3149031717999
1041.8258721633913
1043.3487367389823
1084.2868289181652
1076.5758126153357
1004.0509371385178
1066.481496752248
1016.5384532090739
1067.4061600667314
1116.8429049981871
1142.0021480030887
1079.6782627993703
1121.8471634153411
1042.515712715305
1108.042886885266
1146.4634086458016
1147.388298124603
1060.123306434821
1138.9246071891243
1193.414763062999
1110.0552869714272
995.0772249959032
1083.4496109065676
1082.2542570838004
1195.4949124421396
1120.4559176074865
1029.248554228086
970.8041133075068
1084.6969130112507
996.7044520397382
1099.764562698555
1147.2834115298979
1093.347062474865
1148.6644552397565
1116.895055604271
1138.303128400915
990.4430592452374
