1107.1977764150226
1115.6020099321654
1101.3038057351903
1105.3733255220802
1059.1780417846614
1008.1516151663986
1118.7360569685334
1112.088436026919
1066.668520871881
1029.9280581108853
1050.0795052439046
1062.4071684637274
1137.5482464465958
1105.8501431926165
1146.7549096036557
1106.1157625671744
1072.0559110057488
1140.8908748305998
1073.5357292534368
1097.79819483776
1054.6734302225752
1045.8608367356542
1096.8227229714128
1019.3116228372628
1141.0573234460505
1192.0589625394011
1055.5266514977018
1038.4564983141684
1044.17010714341
1147.683132525172
1021.0700739276491
1149.77222476155
1076.9505869606446
1137.0517621575177
1102.4821405117023
922.3191339927475
977.6172162429635
1039.6626211414532
1138.8390733889055
1142.5376868692233
1136.779544881648
988.4674747524126
1194.9754795766994
1154.9417304796
1092.2317332215407
1064.135509214173
1255.8277479098965
1017.8012347670646
1137.0504324189562
1145.3603259241531
1074.9831534331217
1121.263751791438
1101.942806936665
1099.9364173780684
1082.6865351930167
1101.1514647360113
1121.4604414813055
1073.841491618569
980.6078537243285
1076.4809271657184
1030.1181819139408
1010.9566543345088
952.4948801407953
1153.1650673643337
1140.2179689556517
1020.8098280788985
1016.1138059550603
1065.246919541008
1144.3241668806556
1116.9272008178702
1069.8810316933707
1090.1235892758164
991.6309533195957
1089.417692503155
1059.7447984933199
1125.296049889752
1182.6550492657914
1128.8368237217046
1013.4738453452361
1083.1080966159439
1102.543178014617
1151.9823124921895
1115.3859031779725
1097.9952079286709
1115.2577665189235
1121.8934466518763
1088.1841885240005
1052.0633496008043
1064.5693075718418
1031.0641987127256
1084.8396906896046
1140.0420962541366
1114.1595502926064
1139.8496723386386
1144.2286940473261
1123.596460797833
1085.5136345674277
1154.0628206374495
1055.6090217997253
1073.4328680656358
