1014.0424074314967
1140.557997148578
1052.250377070036
1117.454988765437
1109.415178647818
1123.6890412321118
1231.5058527174788
1198.1802572821446
1157.525258850498
1081.9100981240176
1131.5919131337685
1088.9896290899142
1068.2570970020329
1095.6322682727457
1072.9735031517932
1148.8316494021203
1113.804619986686
1185.6282982021125
1064.8590841425917
1138.5323179084596
1155.041491484021
1076.5636999208764
1158.2129797279733
1150.0862769557866
1148.5739802376513
1141.5459753563273
1103.1028212411943
1097.1221471949707
1151.404902510702
1213.831527305372
1066.5171981562114
1136.1896603228624
1084.6690007692364
1192.1100848334243
1100.7962172871796
1205.0234143620137
1090.7106253594377
1088.3319570292304
1152.2910518951765
1175.8370128183883
1187.0112772456048
1162.4995275791684
1097.474915722754
1083.8066178256668
1192.926403281085
1113.154593609289
1155.0643603240264
1191.7520752381542
993.0651455652574
1158.6643627125693
1265.57347443013
1153.9065787852921
1174.10472422255
1161.5881719981783
1206.1939709183646
1174.0834009161604
1189.122514373339
1191.8156852613154
1203.4870672868265
1184.1297421297036
1226.4171064790103
1248.645637835378
1103.8766565172511
1177.970431962647
1187.878228956153
1075.4528012197866
1054.0412442700722
1095.4261499107688
1119.7461588937747
1163.1815208954156
1097.0596279851716
1128.65267276899
1126.2581903892296
1149.70845801218
1090.7022384849354
1089.5634250422563
1171.3357705800404
1188.202411916725
1153.145954089834
1189.7289763200502
1187.6987477517923
1141.1461026997674
1197.678882375167
1156.84627510976
1135.898079981679
1113.8232521097375
1170.4185781562771
1163.6532903215207
1182.6180317943
1124.771128112121
1213.7455751853022
1099.219467293297
1187.5275878560299
1080.4227604984198
1131.2092013383153
1193.832039702917
1194.8189727388856
1136.1555226070009
1246.953289394196
1189.6692840362657
