1110.6480868781612
1153.9318999509296
1065.4956314724511
1195.6787224649613
1041.2641599042274
1144.1282853840453
1136.4627291728284
1170.1861310713953
1148.894939275614
1069.232786377111
1205.5001258315044
1163.6118581281983
1209.9703551990328
1178.1866175202147
1147.9077372918368
1112.1073761163482
1195.5299397175775
1130.8696501753643
1190.321799292022
1185.8256105237072
1133.769632944129
1191.221934965982
1131.9177182167064
1102.3839240898817
1110.7117680689512
1203.3826770872754
1080.9490718454128
1046.0894654771357
1168.9338217659063
1192.1200997729693
1118.4538579925038
1231.4811119385092
1071.2924635967624
1146.6184446294649
1093.5990382686393
1232.5071106347132
1165.3827844732818
1134.123377048317
1165.5922050917989
1169.913361969244
1091.6392347779065
1167.0295636199664
1122.8851640690605
1162.6187503249428
1142.3716715548785
1139.5660085233178
1018.9966138167069
1160.3643253008745
1118.515621149078
1031.4107301926188
1084.918560392004
1116.5650801793538
1131.5711745384408
1205.5782219611622
1143.4119759533794
1101.855334152739
1172.4419119478353
1114.8432143375187
1172.0784612960874
1173.1178951942954
1098.3899454708442
1168.8400440498572
1104.9440202807532
1216.1740183868744
996.9142654988414
1156.0170502169933
1133.047875556431
1173.4655396855087
1165.0691406711055
1220.1649901598037
1186.8590556035579
1140.6664004259446
1161.1488367793704
1126.372025060186
1240.1288653397899
1099.024255623961
1128.195918818437
1193.6065132474796
1138.9854428498475
1091.7123316982338
1153.1622761873841
1139.0851315891787
1141.5805626854185
1072.6905540613777
1166.8660072896603
1133.9426127866689
1076.5398660955018
1166.2217106903659
1056.5654325430287
1089.9647837164048
1121.9112616746322
1134.5868940875762
1147.1621001030385
1193.2525749145993
1232.0812560420572
1187.099312370915
1177.0296388208146
1274.777115685768
1126.6061315008421
1162.1386743777146
