1158.4380306040107
1118.748000881838
1094.2673507580232
1124.7310326443137
1046.5719005816986
1080.698223838007
1154.3644828953652
1084.2151677397637
1117.3663957551207
1108.7950791765495
1176.401061886983
1110.7649138873019
1098.6558291093966
1140.0819989335735
1153.3853842833023
1062.7532994447215
1125.694954993107
1172.6838203612347
1166.5950641420382
1199.6778980872095
1145.2185074553336
1113.0540789756917
1151.453135710417
1060.03919092818
1169.8386064381398
1209.1972275051237
1154.610253143775
1191.1401582705744
1149.9560519627676
1133.6980946975498
1201.3939761412682
1131.2243054774879
1141.3781525140328
1154.5014912018453
1100.2412474433265
1130.238008991671
1103.4889231524999
1188.2214556753836
1108.4412696251122
1094.580276195588
1125.2430190295713
1133.8519289961855
1132.8340970045447
1131.7296185589018
1058.5769256512583
1110.4056780124195
1168.5809908837555
1132.5568236381312
1197.3110350912834
1126.7843256184854
1148.668128284673
1118.7985470290218
1059.5929176509635
1154.6534528235309
1152.38866235653
1079.4219421811056
1200.9648618012727
1208.6036029716734
1123.1153471721898
1172.727574744485
1114.1777567753304
1042.2670215502399
1133.842584725773
1191.3385457158365
1119.9822873216315
1145.5274199532457
1155.1928371675506
1060.1023214438524
1105.7872871199074
1087.8744665055938
1049.2427407577973
995.9510395804251
1113.3604503959439
1232.4479742989936
1180.2107122050086
1058.3849489553531
1209.3576405849892
1051.8539965363389
1149.6375051437801
1033.1042439090415
1137.2099952524752
1117.9225485823285
1262.73102514409
1164.2455249686136
1173.849703880394
1230.4755984048966
1153.0997685888283
1137.148421625988
1149.3651447782406
1232.4678353637853
1187.2663898590406
1112.339084128689
1098.5726605413415
1163.3306058848227
1180.3544437399023
1135.0523858767858
1131.6610162142906
1146.6374804479524
1180.234314606368
1072.8338749731126
