1150.3351056707281
1196.2233848446042
1136.1065142185512
1198.5151580730792
1175.9396602219506
1108.550600722774
1180.1588133252505
1118.175454568023
1122.3997228458777
1109.869080269142
1098.3254725674603
1120.8240958551798
1216.823349058569
1186.1270721371136
1136.3995495426618
1189.105493641272
1123.0293013559033
1166.5121306639167
1138.2623545643892
1169.5224604192624
1201.6878419782504
1077.25523175352
1211.8541059191894
1112.7016847120894
1168.006090895113
1216.9256873704205
1199.7809627608126
1146.5127918047308
1203.2554112708556
1137.900254752531
1074.4059466541617
1148.983226008874
1135.4628353937337
1172.7525607225343
1158.9138434331123
1161.0772720066288
1198.6161759062368
1096.4744360732784
1155.2465302075645
1104.232607983343
1125.556835467536
1005.9942337535514
1175.5192442616735
1128.5807645480775
1180.3416761349608
1063.4898703081747
1156.7137167625892
1097.4792978956189
1034.9813868980686
1151.7699356329833
1070.3978233992405
1173.2119012299397
1138.4882482108067
1142.6645386534271
1144.448171585142
1151.1446640254992
1050.1931350837024
1114.7819651829031
1202.6264511712081
1092.7432577685447
1136.8195470018818
1050.2494438020967
1167.9724271197354
1166.3460842269396
1146.8448363000985
1107.8390583926039
1163.0911334519985
1134.45423058977
1206.1495050075835
1075.4739377521848
1112.8725891816991
1079.317826180507
1162.2371888141197
1195.3276065797556
1175.7828589402923
1141.2505294786567
1187.4545491055128
1150.3185431162576
1059.6209216601887
1099.9721451452065
1147.5653854920492
1180.0794638832667
1120.247574278591
1065.0717904517678
1185.4044719009587
1106.6125165174196
1132.725675158223
1154.2691174422
1165.241991160783
1207.0311031535505
1162.2807213011934
1105.7506641789996
1146.1680719754424
1117.9059549597437
1205.0358238594142
1134.9711004126555
1128.4193658130105
1142.5482558988717
1144.2503440655576
1136.2823936288596
