1156.5394821858108
1140.7836837405584
1097.7266148054744
1223.0297379074016
1128.3013788790356
1091.3840706081826
1215.6812673105935
1126.0282373870434
1084.5011385171324
1197.7323220753476
1151.41752286319
1177.8153885190088
1180.4188680891104
1160.926179868542
1105.2040893071587
1145.8274215334823
1141.7518058612716
1166.555138624547
1120.6545173831157
1118.9168546526946
1218.4445201817932
1078.2630937210718
1170.8300052858601
1160.897448395944
1195.046820094909
1105.8821322367812
1049.0001604719855
1127.2856281950562
1154.7162847801362
1076.5659842270861
1210.9711464432662
1233.713045863234
1177.5328557492394
1166.7357653788458
1152.2535599674447
1157.7879974734678
1135.3814778562048
1108.7953625373716
1134.0244765236057
1094.886290156223
1202.7794930946218
1056.4679737629094
1178.7445451671135
1152.0032812158508
1141.914660972496
1188.1671974146402
1205.2235795370962
1177.669398465787
1171.2742078109766
1069.9977879563928
1129.0964053815258
1101.6876348073156
1185.6788050719488
1220.6343579643205
1099.9192842832495
982.8542163153961
1148.0354877156535
1108.9461583354578
1049.3425656533907
1147.221412532157
1222.1841664169467
1159.989707464024
1204.6052307749617
1131.9656431425296
1191.9473167066424
1122.8543306733918
1212.548366374741
1109.912431828617
1179.345965651938
1100.956589903518
1174.9926611530339
1053.3111365430398
1101.337319584824
1169.8349641174584
1207.061340763151
1068.1400643161494
1246.6985794745387
1197.440084395847
1127.2412913660755
1192.1175786266679
1136.8094236883528
1153.7262546827565
1073.4131753895554
1126.9963838879955
1197.2179070510213
1189.572547065806
1095.6689711598146
1118.1736847383747
1105.9561468808843
1155.911940858251
1203.8367834757917
1170.3723176657234
1139.957500283067
1166.2932668984063
1176.6875936267313
1157.4016533100105
1151.5402987570255
1207.8083115828304
1176.8675330563315
1147.6512867324398
