1182.4786540887897
1112.1079281561229
1173.272530202639
1175.6300089398053
1141.8351166539944
1119.410584091158
1071.8025301189784
1069.1900512017771
1061.8602000028689
1027.1070300364277
1132.1405966537084
1160.1613270711048
1043.6804726254063
1075.1359593684342
1133.227111108598
1050.180784425316
1174.8600967302032
1157.4893990130702
1112.6006403636168
1206.9413946228779
1095.7588509699306
1063.897898949481
1132.9152480475439
1216.5185983150461
1144.6867156058995
1140.277566075129
1174.7371144069557
1087.454584255654
1195.1941501952201
1077.7315424433614
1142.8997296970515
1084.8688724080885
1135.7220971806532
1105.329734956649
1136.2607715097452
974.2708901403366
1144.1784532954862
1127.5607173690864
1165.286985195126
1104.588373465497
1235.0686358742146
1139.6926776411356
1154.1163797031522
1101.8790311690527
1105.46436900422
1155.5897360819904
1079.8136384964405
1177.3164781984312
1157.2160177273095
1168.957440939436
1139.412077727673
1134.8429579317983
1175.3862288301352
1104.6629486219963
1044.803276997292
1166.2484238420602
1101.1138822556436
1153.9234005076771
1252.9033866195923
1144.943859629935
1172.4975239470918
1171.300382059921
1188.265858071358
1120.0993316188371
1165.0707664238337
1192.6063822758056
1164.977768076134
1114.6948275319535
1156.335834883106
1138.7769485333765
1031.4287024423274
1060.1028411731356
1159.6285192605785
1032.1668477138383
1170.006833123731
1204.5057103486163
1160.2603309612077
1196.0651767853624
1165.2803917109024
1056.4921511552557
1129.6104817135308
1165.081331471583
1107.9659725008946
1214.7383568082587
1129.967499878344
1199.9781025165644
1193.6905603983082
1166.156100751506
1129.9942003890003
1101.6007614813602
1163.377112302323
1117.172314168871
1131.4523859364085
1189.319835550401
1147.2315050080044
1196.1668314859642
1134.4874982315919
1122.4269325833877
1127.7850541914552
1090.1727387816936
