1025.8803781125412
1028.1109933672674
1061.0758219098025
1038.339759208064
1074.1552821163823
1182.2147245074104
1106.0303795110983
1092.4517593319642
1129.5980831457448
1121.6571636525607
1110.1407796242427
1089.2869438685652
1199.0548104362408
1070.3082456279603
1049.1919954343664
1102.9681242184488
1180.6411753310856
1081.829554694612
1166.465005797944
1116.4291385303334
1095.9497556218928
1150.1045578436497
1062.988787643777
1180.2216552345449
1215.3581429381798
1193.0010845286188
1091.5448844583173
1176.1119847265395
1198.6270957863017
1184.0155190058813
1101.2421460655614
1158.9884043714387
1185.568697520701
1086.3947525687079
1152.2151988879664
1154.5765666820919
1190.4546911698565
1096.6015039050335
1186.377135767491
1070.1102881698603
1170.4141107840503
1153.9462337789148
1158.361283276737
1089.1310270495926
1211.161252068928
1236.378022932305
1079.061374381695
1149.211922752526
1110.5364679914637
1108.810297870897
1155.118526179901
1071.6149375722139
1147.8405009478583
1151.4686281247623
1204.4773354120857
1092.9645364029634
1098.6697922169556
1097.6732199989142
1143.553675806677
1088.2359115570714
1130.145920962024
1107.4931532983333
1115.4588909120166
1103.2894895349875
1168.6216462051507
1115.033182316988
1287.0816654487153
1202.024858681108
1039.9518278407033
1159.496765122037
1039.7064823080968
1162.8428481375406
1133.109716472732
1162.5447845799508
1185.9500906038838
1090.479303455485
1077.7330820107084
1094.9822873896103
1222.0160208441332
1148.298177647577
1192.3206152891903
1209.466956806417
1087.5633438524665
1099.3436871204576
1179.224915701242
1167.9125804952803
1050.680447845693
1163.5790288251062
1251.345708561061
1217.4613632744088
1212.8504675516954
1119.3445338797426
1149.091605623103
1133.549662328987
1042.9660680696074
1080.5913455185207
1040.9907283953257
1201.1865919331656
1217.024994631698
1113.2310083348536
