1112.658516491332
1222.1884179676124
1207.1268332525656
1130.2364503984813
1197.7023019274554
1144.331675793302
1149.788489934495
1188.992590942926
1146.636295268126
1178.9292917784944
1211.504361433089
1101.3600405841219
1173.967486771844
1188.3385936374948
1185.6218418874735
1123.211850208715
1159.185019410266
979.2078922079606
1156.9643111216938
1158.6950138577924
1092.7751953170716
1157.1718522219542
1016.9971294884256
1024.7804429117064
1208.2438765667061
1124.2207094607031
1169.676452019279
1032.0767939523043
1155.9749552695207
1116.314113095591
1188.5588363074062
1210.9610525224007
1138.7728554619614
1067.0442178289063
1037.7398027991196
1081.754917319135
1211.2428386352756
1206.6268332028774
1125.648861764544
1096.856971272838
1138.0433005515777
1171.8455273973725
1121.0626031512525
1227.6629768552011
1138.2180696954238
1164.750261991598
1135.1692296503063
1191.9920432351278
1083.6822405077855
1183.9681144941496
1171.70468778769
1149.2063165547856
1256.9450316904372
1113.8860280091415
1163.370654558677
1121.448751104258
1127.6448122820398
1170.310551593258
1254.4209491353643
1120.103415938498
1210.802500778356
1109.851429254135
1106.4618372321595
1204.860228716364
1096.4713102227852
1138.3992069617823
1165.3775938044091
1124.3687697416244
1244.6742585359377
1211.6812330060968
1110.634281660469
1139.1843913572177
1038.349386593811
1201.8539685603992
1106.7957204148354
1118.7396117282233
1176.6124079120386
1213.0667066439914
1134.6248937708247
1244.8634648597385
1052.640050183498
1104.7914170767956
1185.4833800122026
1135.362144726923
1075.0738101768084
1155.9347391945728
1209.3789232345323
1232.400084536826
1136.4250570149648
1090.8174336590985
1147.9572848535374
1107.777990774725
1131.837031044011
1192.3068152349615
1168.9956932904367
1151.2938428784712
1141.9875687084757
1123.9765211886133
1126.5956585283004
1100.9446311507804
