1110.6515888081778
1155.8475408307843
1108.5186750309867
1166.577360470038
1149.6629848325506
1193.1547530567495
1107.594831803835
1071.7245758950232
1119.345209847837
1134.2568126828521
1109.49783201696
1038.7464838790368
1141.7665249566148
1115.5990464677761
1156.9576384532538
1136.5890630341687
1112.7546402754028
1187.4003270624564
1166.2861638212278
1115.6915440015655
1146.276450597684
1166.1470187203233
1156.1511807144755
1180.6845449969544
1095.964513671248
1155.5197296253205
1159.9906703006009
1146.2323971458256
1141.1442649356525
1146.384800239737
1076.3403427640894
1097.7486833368946
1111.6577799226404
1207.1947323356649
1163.6746203151886
1109.13019110126
1137.2060973706612
1168.567486786875
1079.4419500808253
1003.2927194179942
1151.5121022236237
1141.7456846630398
1193.7457207027012
1177.531730290731
1111.9854561339243
1107.7908733674067
1126.7450034609415
1132.3371508474913
1041.392548981114
1143.7750835917002
1198.989462847719
1117.5520484769531
1153.0405733764928
1112.717853183502
1043.357171394768
1128.7872967838118
1141.8400393494069
1139.4050213352518
1041.2748188348985
1085.8765648835263
1172.5365506062972
1144.4007797667207
1105.8437392390085
1126.3460336810724
1144.4740068210376
1125.4233793669373
1136.7933435640068
1107.0670230109743
1120.9336376638314
1146.7999801314566
1099.8913356718922
1153.363442232976
1105.9037189759806
1116.3631442252145
1164.729739096911
1186.4466290008702
1086.9563480756458
1104.049146377912
1130.524035210965
1177.1338672997024
1150.1833469220726
1129.4767550347472
1107.5225436293422
1086.4977746443221
1119.4533494489033
1147.3506362385594
1074.4082221268368
1130.5778661231645
1187.132547673294
1134.5605048920254
1129.2618957264604
1097.360418962008
1174.269032946919
1141.8006595495874
1116.424668194345
1176.5905249822079
1138.4311865923346
1158.3874025597786
1160.906564238562
1096.1969773379358
