1157.7082782469383
1154.3397284683151
1167.7211853954925
1161.1296030639621
1141.1212057773917
1135.7886436024903
1103.4114036244112
1156.7904424001852
1159.745091686363
1107.248662468912
1141.8338099232997
1144.2165563110977
1187.2584365977818
1144.4602414846784
1205.1021207438334
1203.050758284127
1188.7600560184267
1096.6686605368466
1130.5782941885448
1128.9973650849151
1137.658895512914
1176.3391817466581
1165.6034187622936
1140.4938125641688
1123.9707160299881
1167.2428900201019
1090.925589113033
1190.6454758147602
1156.4882283977856
1176.139091433088
1171.7546025871445
1212.8059159510747
1207.0730542637657
1138.3367752907836
1193.312584436052
1144.5252880375865
1150.1022648582714
1168.9855043350572
1138.540357254439
1166.2335790256254
1168.4348747332815
1101.6357095183246
1174.0252369675866
1079.8918384573383
1101.9874825710297
1149.1642837838822
1165.1267424509815
1181.8238216102143
1131.5294638144499
1143.1187575043787
1147.289029568705
1105.4271893623045
1147.4720632724238
1150.0506666328097
1137.366055370959
1180.1961471058316
1144.627168436456
1151.353316662663
1131.2278300456471
1115.2978712814124
1239.8408044304572
1147.5714963943774
1219.5806972601508
1130.0043992482554
1124.91537862845
1145.0026913549495
1126.6410054609541
1228.1158449164227
1151.6954652082084
1124.6192708046422
1148.0237504929796
1203.760743851738
1136.424316492165
1137.9942004216778
1155.6957918640253
1177.4576874013578
1098.5193459752713
1167.6836274572927
1190.3774163942664
1188.8228308279772
1169.0867481814448
1178.1630750964757
1161.1750701690914
1129.329815791603
1206.074391596994
1125.1747531626052
1141.7423864389984
1115.139582166345
1137.9205204397608
1084.4782130043375
1175.6813225368164
1083.1488228211267
1130.3561429035985
1194.6723450684865
1141.0784792025913
1097.9980567056773
1143.7505319749534
1087.6141569038987
1135.5714551238634
1233.9097434760984
