1132.8912485542014
1117.6189286208269
1174.1993203062045
1135.3944409870471
1162.889846446462
1142.0141487419578
1126.6540473010878
1155.3629970193367
1218.3229047256143
1175.4690418674434
1074.5807167763205
1159.88203918602
1209.2343056326335
1164.66742734322
1128.8805884023388
1121.6972652625727
1170.1342010273474
1167.8491111789174
1219.3351922788297
1179.902894446559
1180.774676585517
1093.7754188655726
1203.7259059175096
1136.320184195153
1131.0016793472794
1194.7796632512268
1151.1800567434125
1092.864895345629
1181.5380169944121
1096.1604147009862
1149.413445604072
1128.0943350603063
1159.9870276276179
1203.4505222698917
1150.8788793700885
1117.1358038523956
1165.1568368168864
1143.1857577510216
1128.128070335206
1139.3104488548458
1058.404632990882
1154.5484531324983
1200.248682463053
1092.1274741374414
1118.7503140455196
1100.1696643251091
1113.8751947642418
1137.0892578322216
1174.8422633970774
1163.2721216349762
1130.6681603958443
1201.961571485448
1153.7040688644008
1174.8359687307866
1216.3101628228853
1102.3479746503253
1194.464154126044
1161.03689239083
1144.005199033139
1169.24687626014
1154.6390349840424
1224.2032002519409
1220.3342998609714
1158.9526554859635
1126.4272426352145
1138.5547917502959
1224.1004027989525
1123.2656564966057
1175.6147337983439
1124.089830879429
1110.3832530255954
1175.3145082048864
1169.0718779233548
1120.7334030944703
1198.4067637654277
1181.0640239555926
1179.6005980930381
1116.1884869509522
1142.054437295343
1163.1292278865565
1148.804669610946
1080.274853137173
1147.4737146633443
1170.051031495518
1170.0898912435043
1138.9089835570248
1146.0918604668727
1133.9588705451174
1197.478351686168
1131.1068467973514
1122.713774464687
1141.6736609450004
1161.500029658212
1196.15829419427
1146.7281145518896
1145.3348337628622
1163.9340013372573
1117.725674359147
1196.7754895160647
1162.819408247059
