1168.6015379679893
1110.7492823329171
1135.119138532914
1121.9164859980265
1205.708739002646
1182.0819561428343
1218.3821922226618
1171.281125186367
1161.339581791784
1134.7419497742937
1141.052726496098
1141.1051617741414
1116.7939615526577
1144.6812676010206
1162.844689605483
1146.5926156799053
1104.6180242606138
1074.548910316243
1122.145823237738
1182.3061570443242
1135.8116755225037
1063.0068174094488
1168.2098731457952
1164.853705744641
1187.4315547173042
1164.9248996588901
1136.7313711915813
1167.0736652524915
1146.4879615396085
1141.88520125745
1130.645920388178
1167.0354949890059
1136.350687065398
1140.5169886643737
1147.9095895819119
1157.8548846891388
1146.4088263963827
1105.9964819348531
1124.6369887103424
1153.5232008498426
1127.2418923276352
1128.1263568360428
1121.808207668509
1181.9331256525618
1110.468929084929
1174.327141305854
1164.6541610131255
1164.1116776942558
1152.586497656203
1150.308631305715
1197.9581833156299
1172.307210412221
1181.797054509269
1171.8100921227383
1148.49595340229
1169.4055896137627
1135.2718192608804
1147.2981810712324
1217.2451060270068
1127.0193935608304
1181.60064731058
1128.8761669189118
1122.0841824376953
1126.6469021185078
1186.5385957995934
1201.812222392806
1154.1119823502945
1127.009222880317
1159.9376124925466
1182.193835598453
1167.3690419848315
1198.2319323846757
1164.1808879977705
1132.3015530913096
1073.5135135680994
1175.0612101290676
1114.9122991005097
1078.9018931678393
1179.5934529350698
1142.2579160205753
1172.720843380674
1136.4479706297423
1200.418294540979
1115.4801862748354
1065.2052327533963
1091.1659902449344
1195.2591515492643
1102.0449830036196
1142.8397137428517
1126.2987846382002
1207.402295257705
1176.9814872992613
1197.60454092204
1163.9013820461716
1108.8474506161492
1133.0501575461092
1170.824879096665
1129.7254209205935
1112.025791071594
1177.2449679099163
