1165.815355634136
1118.2382667234592
1181.956807140424
1160.1725306236299
1126.681620426762
1183.8637952552695
1114.666515457096
1112.6134573804982
1197.1886226018196
1085.6418258305462
1177.3756525932856
1186.9824085394575
1138.4723135502297
1136.3746956764164
1129.848491004569
1211.6425532001801
1100.6891087409715
1175.3941708669524
1186.2868779281257
1173.8131420000896
1130.4916233016313
1121.679814585823
1162.2971775706503
1124.8119662638157
1239.2060352930052
1194.1312751278422
1190.0275869129382
1116.796422575214
1171.239216169259
1122.687826636702
1195.9374680963508
1141.5292618964584
1199.419451900507
1208.3765720484948
1128.547705376769
1205.942539901786
1203.9474790843587
1178.8621204370368
1169.754840860229
1148.0558494031666
1148.1389140139177
1111.8750676658553
1143.282123192189
1111.0370829592262
1126.9572086614803
1151.8137160419844
1114.5640799610044
1111.104178062706
1127.228120199981
1195.5604801135114
1130.1220478695777
1127.4862938016101
1130.584990848405
1180.931549712088
1112.9369978855073
1159.6657348357087
1077.4828101214039
1204.3012058705165
1177.3821860478552
1142.0469277420893
1091.3856820052138
1152.410440771088
1109.3348225270943
1167.430204645916
1241.425462616588
1192.4996569247671
1159.3308895815635
1188.1751527721126
1159.693166980341
1121.0243721200522
1188.6532138190328
1193.4405463524297
1094.856501962583
1229.55751306384
1154.578228757077
1135.5239385132109
1155.9160093048488
1094.5805059146012
1130.834213607424
1222.8989647314274
1118.1313962845365
1057.8436578362273
1074.6787746113334
1151.6640248196666
1214.9429625877112
1203.2138556763064
1143.9238031271866
1205.0408310612695
1196.154021201182
1154.0587509446402
1202.0694128906223
1166.839829173288
1217.4758444616452
1158.9474143428743
1075.3896757562607
1178.4688501207293
1164.4982380887304
1157.1385897376194
1148.3241238634866
1154.0138014321828
