1231.4364664770499
1159.0403094484368
1186.2905434206798
1152.812430082216
1143.7085684019498
1200.2770423837308
1185.2104335231406
1232.5709951139804
1176.8193220519138
1195.0297073516288
1162.160098834496
1173.48672568476
1158.2214266108724
1158.7671604977236
1170.2516412811012
1136.8153261289976
1181.3095229750556
1150.8437066539705
1213.8932452851573
1185.6916830114988
1154.3529683495303
1129.1880682680398
1097.8253571235462
1023.726059022615
1099.4120955669453
1179.0150195835033
1126.5862078137482
1203.7900249844145
1169.8489765303455
1164.2673253914181
1161.5179361616388
1169.9028737744136
1125.2062729442262
1118.7460335736118
1117.878978541825
1127.9722257105277
1177.8570746055298
1133.2888529354202
1157.2234207243102
1218.095968841569
1203.40379953272
1166.3903481929735
1182.7525702274359
1180.1750927998564
1206.075314567764
1183.0554034978613
1209.4273148820307
1127.6113611701944
1129.0498030201477
1128.6603819535014
1193.6270800527614
1155.854048438682
1130.7722566951222
1179.9923790987336
1181.709452129563
1127.1953152887052
1206.5217412417142
1217.5151095042572
1121.6663188720247
1183.8824961888554
1210.9501837435384
1076.2932956480374
1144.2556552610522
1171.429166368598
1161.862024612856
1166.174174202677
1175.6653737038012
1250.9856476535724
1212.4589493460373
1173.9152937857675
1152.8822488039418
1092.7905150836348
1089.8062472234506
1090.2181979734114
1161.4956852105493
1170.6184647858656
1152.4477976948833
1140.1265200247785
1166.3025400963895
1153.7840361946949
1181.3830657154788
1113.7006289248511
1124.103479623551
1135.4525230604238
1162.2685803291454
1131.7628419826272
1103.6992804884935
1167.520196201149
1187.363867739776
1149.209311919905
1182.4944136444858
1127.0846087008595
1102.128402536363
1168.0764432735843
1110.8299571464374
1114.898524259706
1150.3210571083948
1162.0688656330822
1134.4622307270913
1155.593189756822
