1116.073938175497
1079.8110077918147
1135.4322824351236
1141.9501681842403
1204.0572861051419
1079.7376074211875
1156.6821295781049
1130.8439114195407
1048.5384499585457
1133.6366967144734
1072.7024827498165
1180.9336503003044
1176.4153648654217
1147.7982968051456
1123.8535600348546
1077.4393232487325
1064.3082441055867
1036.7952154475656
1172.7188707203195
1121.6481820189586
1129.9797321594322
1136.9091810842092
1178.218944075229
1096.4869593170747
1151.1002210974355
1122.7655367580487
1138.8359503410265
1117.769539603029
1150.7797643836602
1143.2061780516988
1133.682180297596
1132.1493602418773
1143.186978418108
1064.047620301609
1164.9755149302282
1099.1371319746552
1176.858981832747
1120.9844990473302
1173.4955004806322
1121.4835736119835
1125.823270743131
1096.3268567292357
1186.747797356367
1187.9033096399544
1152.4668196694565
1080.3367678088641
1157.2047892815217
1170.6601625597793
1144.819792298371
1064.2466915123664
1195.3637865764545
1133.7973864727503
1080.5199689814258
1173.7796024704408
1158.867550951476
1162.7047051288257
1175.8598264044797
1146.514560357661
1159.6479556872723
1169.3109333704049
1106.9763492053157
1055.1177740021576
1158.5966901178215
1166.3690325557852
1210.159878021094
1132.3017586141455
1152.3567328439024
1121.4698319960162
1123.493237792556
1137.184197320665
1169.489414764647
1143.9721234036656
1127.4517688818771
1120.17275538168
1142.1014889970359
1086.9192934850307
1130.1378541868216
1128.5962421378808
1169.3416705132172
1103.8908052421493
1191.0468163280952
1130.6628146111884
1143.732489026535
1144.1905785692043
1164.432082138244
1102.4621685162172
1144.6827598169732
1087.395328007026
1128.8037435356237
1208.7136639973878
1120.3561481711881
1159.6897643362179
1180.0202350974807
1084.8261846166906
1066.0291277054876
1154.7466024615042
1183.4261994872534
1180.8495413715582
1083.081012564212
1108.6957214899005
