1088.714693346329
1198.1385157774107
1179.159616262661
1118.6376428695041
1125.1072332852598
1104.539387531772
1159.0948488604788
1114.4531332609752
1165.5538663702291
1197.392594785886
1158.403872649807
1118.0932419227183
1126.1405594554822
1171.6718152596513
1155.8640700957228
1167.6174253505953
1161.0275390694774
1144.937089015052
1148.3292675490359
1168.9744187171286
1074.7825696818068
1121.6859351765484
1151.6894892602272
1129.1735232152535
1085.70552415317
1161.586635595908
1164.643133434022
1112.8736127022066
1111.6805914141476
1030.2708714848739
1099.3320593540438
1149.489407470946
1218.8404605119956
1159.9248421630425
1131.9994886531613
1121.6212405423926
1027.4060382964094
1182.7833133833874
1146.686987191976
1130.4439064766357
1144.6099419913467
1135.8623542049977
1098.7894740924696
1131.0911873021796
1109.6578592536655
1179.481853843997
1128.034252439237
1163.2675703792631
1164.4320690246925
1153.2792061856856
1091.2516473305968
1144.7814483080072
1168.5088350000715
1148.6104414232893
1133.3971348974612
1219.8624223124054
1124.2327126423502
1136.617247101327
1189.7544188631593
1204.2258792559533
1189.2892335662827
1127.699739222415
1092.6912843174855
1187.2118747962033
1160.024312911049
1154.3340636891674
1160.4669091035914
1187.0482593116074
1186.9253774779288
1162.3071159431531
1168.817631767556
1143.5407433634277
1173.0744147203266
1137.6438115728417
1144.5314753544333
1132.9632477950138
1135.8121980124106
1107.921948040233
1129.9801511361027
1098.748688336254
1067.0862282237426
1167.2451542230087
1131.927648449649
1164.7871279983442
1063.386017463191
1147.774269386906
1130.7063817498417
1160.122090553621
1127.1116676578065
1129.3067280416951
1117.4585620387181
1068.59576440005
1168.0451646236552
1117.9704248534656
1091.5721718895031
1152.810815845461
1140.6135009661978
1163.8047948457702
1140.3797065654858
1169.4013729570647
