1086.2048843540774
1179.9437677690937
1102.570840628135
1188.747562560834
1201.571823674878
1182.7508183921507
1094.1902957702005
1143.0821724455918
1184.2959916281366
1158.5855441787478
1153.4010829032097
1131.483783217894
1174.8926473212116
1215.0540360523605
1144.5321181151678
1212.420478976461
1197.4411704995973
1155.4417124677564
1155.7192803206915
1175.6935272491698
1119.6597511644102
1118.186349583647
1112.2635475289096
1174.3961300610076
1188.1235880015697
1096.486501594227
1148.6862793814448
1178.6070989025459
1108.9120942514548
1142.932471435152
1200.1604537372066
1216.8169967916735
1198.682990219196
1135.6610836313173
1155.6895250818777
1120.868649895933
1176.2088558920193
1134.0597524220793
1171.6126665709833
1188.593206072279
1164.505361559117
1186.8556366656921
1114.1151296964435
1168.5943943494713
1209.4237405238632
1106.6275142178722
1129.6654408929276
1035.4487134607853
1116.086657265087
1164.7327618930938
1177.0724537224519
1145.9835986624748
1151.889711491683
1123.6135396793761
1098.668830631978
1117.6395862861928
1181.7663593176137
1136.5297660112437
1220.1031921553918
1176.0732497185488
1150.9776655575736
1176.9851335900746
1105.329732428446
1145.3429837690642
1183.3160487303835
1150.158725248967
1174.2868908791497
1138.5410251224048
1156.5251999298264
1113.0015775188936
1142.620829877978
1148.0037909724913
1217.2998649526376
1112.6684089288428
1147.6054911816477
1156.7473638158478
1173.5122110214877
1173.640480976209
1098.4042591451675
1206.3952968626998
1108.1289930430125
1169.232251460498
1157.305757438601
1217.5512339623613
1164.7282151924517
1174.7842527939006
1167.4780548578046
1137.5656277315998
1149.5384346087114
1218.7572639368618
1120.0921030099648
1146.5559845052437
1136.196600646948
1203.2473701319377
1212.2736596040797
1165.8902143089101
1215.2001165816337
1174.1578313221253
1166.10328688965
1124.072009565202
