1074.6076469259403
1172.0462618712586
1196.3217267184675
1179.9466027620756
1132.116007801946
1162.3338059261382
1126.875853179958
1122.782393618167
1054.0673317242106
1183.1587971939148
1107.7655504035565
1184.7226690497753
1190.1903729937476
1078.277719946376
1177.088994383542
1156.2146239640258
1173.7332864262837
1056.4021875811118
1159.6199593514882
1152.440278333191
1219.4227194427633
1161.1036231575351
1143.7790672092722
1164.5052910234565
1150.9477842736194
1106.0052072028495
1194.6005262280032
1176.8863936568266
1179.0666684972514
1170.8175387684366
1157.6179376143634
1086.8016327721364
1186.6205651058524
1057.920488998401
1160.6136905574813
1173.2066540237076
1133.7609142820377
1155.5908946136851
1174.9826947292627
1116.8056420137746
1174.7481249733055
1111.868789117317
1168.316269128099
1148.4706359540396
1107.7862145785637
1175.7310216283054
1066.823976106495
1137.4549251876706
1139.5596005590746
1120.2854355051245
1137.3231089237634
1111.5007268215484
1139.450333093201
1001.2208491930825
1211.8648818736756
1132.586932489691
1138.002306437827
1109.0708177669462
1113.062633597041
1176.5136024715866
1163.535654886079
1201.7272163661225
1064.7866923195832
1199.4676419250939
1152.9999716750808
1155.396033038478
1216.1083270462345
1127.6606863598806
1110.1319141202423
1124.6034619537143
1183.2822578723108
1132.9415259739812
1190.862548944427
1188.5526237431015
1170.7590058176124
1132.0279376325122
1176.6982998923847
1186.7408297292914
1141.3281597481637
1183.5773131437206
1186.4691646727501
1178.448043277147
1101.848152140482
1094.6699475750327
1169.7460111434725
1212.3944334486862
1164.4178608905313
1159.5198447048272
1145.6028880810882
1116.9254340775847
1125.6054476108693
1071.5554934142385
1207.019000744569
1159.6542575748147
1077.5629399757431
1069.3881490496897
1132.7927852847736
1180.3462515383785
1178.9906951986154
1175.9439044094286
