1137.507793933768
1143.296127896584
1184.8198826734497
1142.9763931042744
1162.5703774984204
1185.169010059454
1126.8135075084547
1190.8906686620473
1243.4979419369724
1216.541344041765
1181.5627619136123
1146.444908066938
1134.2986180164517
1118.4136327550054
1160.0326707247552
1169.531274785703
1117.0231504114777
1122.9652205409423
1157.282868839501
1186.1388962491847
1162.68827987226
1188.7309465917454
1097.1196342208436
1205.230153545183
1160.683904058737
1146.1077262772978
1162.8945098279462
1171.6857612051488
1191.3102276989575
1137.4674189688717
1167.8002048487365
1115.76567959828
1090.715663487831
1164.3578747473755
1109.1888840374963
1092.5963490913082
1141.9851932559272
1121.6980010814123
1206.6711585798391
1123.9435142673772
1143.9925011059006
1155.8440228778907
1119.698410908168
1127.3189243516604
1137.9096818809498
1133.2371870734423
1186.837156117921
1129.31686287861
1183.4788368197399
1187.4184096421804
1178.5443133867327
1223.7137129301682
1035.9761405021009
1126.3716710928195
1189.0515084445763
1178.8485483692343
1213.303709861518
1182.0425519068933
1119.4732139441217
1113.9260884753548
1159.13625808649
1135.568488404421
1127.574728009213
1029.7916538695404
1134.5855170604293
1166.9729053665849
1229.5823671668409
1107.0028685139287
1096.3368296532988
1110.6445283702724
1177.0744265189956
1135.1304895253106
1114.4910428049893
1191.7658532853848
1012.6977240621741
1214.7601537188025
1052.3462424674794
1111.3188275906514
1091.5287661674283
1144.6842436884895
1179.40076677024
1186.793370320527
1149.9500645431824
1142.436145479288
1135.4520096499884
1162.747620538036
1126.869185869862
1098.1862402247327
1091.8647930539282
1215.9983174914414
1071.4699459398887
1158.70709612339
1166.6640529877873
1157.8788055788152
1162.7171591953402
1186.2748622820432
1164.567865614211
1102.7496629815598
1177.8408517471241
1161.6430479144099
