1171.6570338235647
1086.9214756644592
1161.116026609299
1110.2227015622946
1180.0629264356155
1127.3455655061769
1135.7144083370738
1081.8200855793864
1162.856560205805
1168.9020661653803
1114.5758885176203
1186.2716077313207
1155.1292620986849
1181.986673289847
1227.1723936246879
1071.2956664651485
1127.900508714001
1187.6774332017671
1165.3429846267309
1184.0818048840683
1125.173987569678
1119.2008087228294
1148.447543025705
1111.2589867743684
1151.0371718306073
1199.356105667504
1163.0076703073626
1196.2972816240094
1168.4831118848317
1138.9130144866745
1133.5348103001031
1171.9568410230631
1196.2906076913944
1110.4712800957525
1173.2256773469526
1150.1232091768638
1198.8671548004495
1095.5686637828428
1122.4135149183253
1197.0155550363256
1124.2891844457772
1130.4835867647353
1144.7915754201044
1139.1944814044907
1189.591283254154
1190.1967049139007
1147.8094555744497
1124.954369740097
1151.970669796366
1160.2533521060261
1108.4077541454835
1119.921784020477
1124.8750134511436
1080.6484495102216
1240.9568564212918
1181.5274893044477
1155.599908827183
1149.9951234917357
1204.1713330477814
1136.4664445069
1141.5703801586592
1159.3724907374112
1113.9528391082936
1196.7578637792988
1104.048483668065
1211.4635118078268
1201.285426914471
1191.8955747987147
1175.4875790808355
1159.6690482093468
1127.8789933234577
1126.0844739749746
1141.5325759939712
1169.813690421274
1197.134292377339
1132.057371461442
1149.4426623701343
1109.2062869841557
1195.946987281856
1194.171698198996
1154.4667766912903
1174.6440055407606
1156.8628077507212
1193.032266479758
1124.0008536123999
1180.3055560942482
1176.97554283915
1169.535416572291
1155.321278803423
1274.3920391322265
1069.5998743277544
1204.713419755795
1117.2527383639047
1145.8098724268768
1175.9800864497554
1131.6168595863041
1076.0268953704503
1158.002836212311
1188.754081726336
1118.98814232089
