961.6103197949102
922.648219224326
907.9491369561844
884.2098238441404
960.7674856961441
955.8945490870885
896.0275643232941
914.9921643494974
964.8469331179584
932.4639744978546
981.5011495488839
923.4978866603099
927.5550063048778
946.8182071439272
884.2199860659717
924.6709357989172
908.292449843627
938.9935643402657
1026.8272682610914
922.5180852229564
1292.657305729338
998.024892398227
920.3481453160916
915.9588408804674
896.4562058909133
949.4005743766766
907.4776579040284
847.5999792808534
935.9911869094504
911.1722394042665
968.3164209564098
890.8868659436944
933.8968756376507
852.8647356459334
1007.6756481983725
912.6215805830316
927.7170269500151
902.0693232642427
996.7285843977779
975.7543596061784
919.4176273320895
863.7712845207393
926.5452942112329
914.3298566179986
908.4497056686572
903.0217161359054
901.7965760325369
875.8316946502375
892.4117536823667
857.2243277844113
910.6885792768416
916.4964091308814
897.363848027272
921.5196247327742
896.7159212078012
885.8065222566015
957.4886981927126
818.997974729233
962.6214255250363
942.5403077309252
888.7370351577789
889.0203017726411
906.0706920557509
882.8456855722791
934.520991582755
873.5828486147971
845.3849576720951
904.9094987081571
944.8668399066211
874.398253600097
956.0167586293185
946.837428596915
930.1795792037035
921.8379592252386
880.4243897107691
924.8624689113004
881.124012368415
916.33534177966
928.8630550089833
919.9240277806331
959.3704622079749
881.632939698248
897.8824924052764
917.2708640742413
971.7665933439221
869.759520937443
889.4363226654219
917.518359176137
943.5515190143863
991.0737988644578
903.5480735436577
940.9979654693602
952.8328513049178
955.666998775588
942.3962400023128
938.7655528914313
930.9568322904045
923.0213382588713
893.6317095868643
922.649898412365
