915.6506875507938
875.9646576434916
929.054546851628
960.2808254401608
872.2388398446727
980.2471631149969
897.9157101425546
952.672926194655
908.8083921465238
947.5244179484013
1000.0907439787999
915.4155829064639
843.7581063346078
875.5389991439954
895.5816201474115
904.9671590969077
935.3085555577638
974.5760197488909
883.4293317243537
891.6078572155777
939.187250451845
870.8745026228668
913.8830561066892
889.9614353698792
1017.2153926650109
915.3917424975159
980.1667744110347
910.008708900163
909.333685882143
853.378490449342
1038.446917145687
874.3379271642633
932.9289796080728
945.220806286151
913.2888821778939
936.452859543392
878.1269070368692
1010.5313245847717
925.6447659061674
930.4495937448097
877.6700879909303
924.7964663349677
921.9704023763878
876.9466688953572
900.3668362723151
897.0433450069995
949.5236067241448
950.012209781254
899.4405112364836
904.7039956400263
856.9549840530599
863.4401526435261
905.1405951159743
949.9490856498451
879.566353539773
910.2176405869884
987.5539037639763
924.9106779894748
965.5487049344125
930.5395153656368
939.3657281638501
877.5736536271413
925.4716072304825
873.6457986057449
917.632644791349
928.911182785376
1025.6711745025375
985.6252666934356
944.179782006607
933.9732464171979
876.3575445268092
900.7010070990004
990.4832330232701
955.4730536295264
890.7584649636472
903.4271012522071
871.4333180587356
890.7401452520364
956.7865083868547
969.0627296013903
966.1994561014152
854.5584147963451
948.8678864464124
925.9674599566521
924.91795739371
904.6304569222746
883.4492252897468
898.9648188772283
935.2190773347016
924.4296262881995
902.304807091515
927.4329178989036
872.0019098978403
963.6284957816559
920.889860258656
841.4307935677646
878.7550525119575
890.6424446063668
933.9538236904027
889.8524177677492
