914.1463935936639
1049.6388828332317
925.7577235558086
892.1037881655669
938.2124152293055
919.002313356033
949.223136935434
925.9936725198003
963.0298072880313
921.3818094816019
965.9356611987072
911.2773993294263
924.6247116874134
946.4680265801189
1044.6748625985367
935.8987573848876
940.6093466767431
950.4698892199173
833.737494714675
914.2750292689177
1019.4628662480602
992.2560341671154
932.3289990440828
950.8271745915943
914.3540160426986
881.6830896965721
952.3329672048478
956.161324207056
925.3826745912103
969.971450302109
946.4139386305167
1007.1094835005395
941.3351311464188
924.796059659577
871.0382786472657
948.4237454999667
914.2346878893148
1113.0736466497776
930.3371735777062
928.0251286233978
960.2042544455297
1001.0384659871927
944.7027638993502
935.1213125697146
996.0517207879951
892.7574250888857
955.7141581319576
949.0237882705987
945.3145265935018
954.5488858774784
904.7475129973157
916.7266992156709
930.6007801151044
935.7415973436109
868.8728707993663
988.7758708800532
943.381832573258
938.7498877689093
889.7980681995004
966.0181142369032
944.03810531887
958.1054563050201
943.4823894858514
889.467045453518
947.7558534878121
903.8888499883234
1016.088312225466
938.9855285279511
953.4506134230338
900.3844921257771
918.4980593106353
921.0014077285725
981.6187879081064
960.2170165058704
958.6993455272709
947.2342750503309
1033.8862091025899
997.0621805160977
1007.7017653381326
909.2300617068819
986.9678477680698
943.7147445373051
913.1251719007895
946.9229017585121
951.1393357015363
973.4735573595175
970.3788202857844
919.2801102057985
931.0260350267606
964.0495055875874
987.6686632018564
1003.4445162887272
925.6109314030474
883.7828565404346
943.7052422001391
1060.8843953961534
996.2603341802785
942.3204013815531
975.5326764796235
909.5266336942285
