950.3391558212085
967.6500302198308
906.5303702790899
899.1409139831383
866.1471094537595
892.1975807000541
912.2135678413262
890.0637429827848
985.2473987595159
992.77294308648
898.1367582819875
917.6376400286425
866.649295060364
861.5205263422031
913.2781542327282
910.042480116056
933.5444725629442
936.8228186677032
971.9787105679179
930.6561200653815
953.7118118695713
901.3260532658987
866.2691208843355
933.0747359771966
896.40171461337
908.8965467233838
879.7099833509816
854.944532151909
894.4176984827341
1224.078157979683
968.4618048404909
933.0695020464375
997.0750837364701
933.4950136770443
849.8241591128915
967.3427907926099
897.242118593546
952.9172495804557
981.5960137140534
907.8128669309029
954.4589645475966
911.5392227004145
894.0689700704532
952.1375305986754
966.1537177607781
940.7811791378025
902.3037919977799
994.6566665559684
897.5702162689455
904.2213520465433
898.6283363436185
879.8396734598879
862.8982872089313
915.0787683979758
889.1702490822523
828.8565164939845
857.6277663668309
915.6394990347147
879.5102358144808
904.9343893181721
891.3467258052813
903.6941275433296
921.930192004789
956.3364914932695
909.631719155989
901.466138506999
954.1080959078415
892.919904201244
859.1565530828568
901.752889963824
901.4383226750036
857.3324754425364
881.8305153355087
912.1592335124316
1151.6496768141135
871.2618433573123
891.4135238020056
1197.3896676483994
893.6772400464926
925.3932467707597
946.008608068035
940.113455589395
899.8097116007476
1006.9958116772451
911.1333386240191
850.8646506004034
1006.0734217446739
905.9891100482083
957.4198929786935
918.5329158563459
864.360298866333
913.1064011572839
850.5412544811585
917.5885395559126
927.575158191865
899.618396513906
872.5741109105641
1038.6165130663662
910.7345458494385
871.6602136397032
