906.68274031554
934.8868156593281
876.635350092752
941.773153336965
907.0379712242994
938.4239299652153
999.3429370846001
970.9042054533951
972.5172561180585
913.5462172018833
905.7406823748208
978.9547573160153
953.094855031108
898.2479778276762
926.3937519327407
900.2595645206462
993.6063610507875
953.7143044871592
933.2638853189809
942.3832662721119
849.112218963536
888.8231731161128
958.6771796273084
936.195076410166
921.5088396070507
972.0613050759222
946.3844241681613
961.3806362440965
995.3815903615853
913.9435462509043
935.5527200243371
1003.7499876792366
958.4656524738663
1049.9177749966093
933.3072004114366
931.1878378837175
946.0778096099385
969.4026164012821
925.2782176917825
926.6524448799208
921.3755579928901
891.5209929161657
891.3973071501894
938.7590162702617
920.0559462550395
921.7039765386779
920.9299812460872
879.0694755491445
922.5918599752011
906.1113611888043
944.1209222979646
967.5707391271274
942.0981953212255
935.1638401399194
968.6820666755217
962.5665147689829
929.5137015682261
961.8218895375793
885.0324125978871
990.3208466126052
956.0612629384367
978.3271551918137
932.802857559007
912.5263051595516
963.9245524333028
979.7798795468414
882.993157755592
959.2362991461072
919.5545880604608
882.2808913014275
973.933494759712
935.5135192719923
916.7547032771339
953.6492665063369
888.6430713056599
917.8446725355839
952.1419500383728
895.6700856369224
916.9888748874488
909.9396080406414
987.3684634098237
968.6129883069082
895.3068858897104
959.2426985207371
934.3793880461974
1008.521752897167
897.4480690076252
899.5102078585628
1002.328902151597
916.669533818883
1007.5168631503518
1010.6340491517517
846.8540000896003
936.339399251604
909.7286951157527
949.9417461687456
980.0684978875885
904.2441095670815
953.6367054852807
875.6381361154192
