922.6947669930078
1043.0730440928876
926.5801891873663
878.8020532236454
913.2450429731406
870.8303266449088
898.7539678731374
943.2261364349168
912.6909467545707
916.1133418092076
895.7065856820875
938.7071363252735
970.0714377894946
966.3927578203812
935.6497282714287
904.8536870010649
912.5863766305195
911.8715031069808
940.9085233531987
872.7740536948256
973.2341071366367
896.5678748157582
858.7895200323842
931.319451422585
945.1716228928041
906.8621459598629
931.2822795915671
903.0598743632291
946.6446201257888
866.8702195625868
879.9057587312956
971.9237608242051
881.2725088276549
839.3581711833112
878.4668811982137
848.0381759110164
910.5750200420107
931.2824052860502
921.3166260204885
984.796296980731
927.8891709919509
1073.118432932551
855.2445944782065
901.6094186804785
891.8036322531868
937.941736715193
903.3724859025392
949.6877931110204
943.5552238307017
904.2762020220861
881.782256499124
892.0125403288579
893.3830270977197
875.8741558974181
889.7031236613692
861.6955377684471
876.9482723179541
946.3982500511988
868.3461010767008
915.6252882768651
934.7217755767492
825.942059264794
888.9820166138174
954.6046567349882
884.7587835536261
931.8647237073332
946.2193103513348
891.9672934825593
851.4949483310734
946.4846888537713
845.0928993276187
931.0369076470223
918.4191136576898
861.7013026324148
921.2671022363718
914.9863142983985
833.2172570106032
931.7113553583065
884.1581546545807
908.3526533630803
979.604090798318
865.6261784338774
939.2247978038796
943.6904172674441
905.6098974849473
951.4311533935162
1001.1766257576974
890.8381376124316
862.0871640621795
820.3248024462915
918.3263350504399
797.6435266552666
906.9397949373755
873.3037501707049
847.9240428715323
879.0998257653595
922.2129289022268
890.3883687221002
974.1550900933117
889.759486280592
