924.1895275966165
911.5369913310218
995.0447852422766
920.4025120871153
953.4448742319651
917.4253131299456
951.0857809109793
944.3661851229654
862.6677131290016
895.4842527474088
902.8021181713206
951.7081819274918
949.7299920636711
937.353733142351
969.6449737482878
940.7506036912511
963.7952706520933
901.4400895340328
1043.0916418595089
941.0937612472175
918.6571024298883
952.0652147851149
949.2365156047744
975.0083878317823
897.6025895768516
925.9403386917221
1019.8340249812595
905.1178171588931
959.5183248394546
954.3801635352942
924.1343456148637
922.1571113501253
912.7971840766269
950.6066086566116
917.952372915508
932.147506775393
905.6601419997301
937.9093204869365
998.9884137311356
930.1722427325166
1041.1905149933764
963.0849086378175
1003.0445759192846
898.4481683221182
936.8416705005473
914.2627672295365
952.9936517542964
883.6816926943281
849.7092022657837
1012.8883774999849
964.4111295271871
937.8204143422444
947.21162414024
956.602603878397
917.4503243928102
996.0824147636349
917.2780873487774
964.2904455264508
975.5005990477628
927.2624272137308
932.754417458078
988.0375791758937
980.4971924673376
885.6661021010768
954.7938142995278
962.9045859518941
957.4401012122466
925.769888264799
894.7407964828606
946.3601862265743
877.8597516837988
915.2423962366596
945.4003818476093
1031.480342759137
901.3068117120301
904.2476580524357
912.5457083428148
906.3459185732596
998.8144769531502
944.1589254436839
953.3419398833354
941.3877953318787
907.6907938107265
986.3733045060584
937.2895399687812
961.3628706878388
906.4767128080221
1018.68733895324
943.4967646511219
954.2367203997156
923.1825658524417
970.7693342885013
971.2958295004569
952.4139132856479
959.2811768801928
924.114313011641
947.707289289268
986.3639848315528
936.7195118550524
960.7347881595596
