874.0084337201441
912.0496730180699
952.9535044072899
922.6173165598291
984.7773231319223
923.9717408265846
928.0414637932859
946.1716855210416
905.9705134602173
886.7347692350196
917.232816726766
937.5462820822158
932.710694428876
906.9326926673805
918.8651208668317
956.3865125155334
915.2162936654234
922.3843598937553
936.0614573655025
1012.8142236369193
957.9146461388708
883.6411198818439
921.3699637107001
943.1750240534424
893.5118781348316
954.8918110370166
906.8822918970733
896.9465669336346
878.6631806130417
931.247734565618
915.6549967825529
936.1575088579149
939.8532814152767
856.8889547835228
880.5978795497323
929.6474211488883
894.9266927900669
923.3660265587351
936.3045288818932
938.3002095585728
886.6279476916515
923.2844082113829
1113.5920451293066
1046.7934952445069
933.5281346220655
918.384039834186
868.9527366522321
908.911903994539
960.5379395213554
896.0421243838997
903.5947099327807
888.2029527200012
925.7869754390204
963.5112643993517
997.1698124999062
942.1567735146382
911.5918342331805
953.7530300523131
936.1152158932448
976.7673476217739
968.066814481687
910.3850494104423
957.5593607167388
956.7874878365466
885.7117871661102
938.4337909785266
997.9791144492807
871.7854593928205
908.7202055615578
924.4474480825645
896.2100743550491
906.0827172840715
870.7768946931819
948.1403976450309
945.1400000362224
989.6113974209295
902.2758157874055
971.4828815260536
919.5754259576598
902.1356042397914
956.428528298793
882.8968830530276
948.2968288844226
945.7885301360085
954.6849590971862
927.8865824762592
921.9729979882434
911.3034272927317
845.2247670267385
968.7353625514289
937.9976783460343
941.7075814425839
964.5689739905408
905.4756986680108
878.736496897241
902.2131031802007
871.4446396968076
935.2474397781447
1053.1246814982887
963.2191254673512
