952.133027922051
935.8187607177089
931.9858317633814
965.2105861209885
908.2183284790726
923.736516624453
937.0200832038757
949.4827775840765
978.9235678527891
982.8263710484605
896.1465630173407
960.0032807837367
924.452635377726
890.8234076248906
931.0484599207766
910.8924777768567
888.3756828551058
950.8701624882461
902.2485156355946
913.9000007450161
920.9519386919192
934.2079611479965
915.4638719224762
899.3199745893944
970.557668038061
931.6681774475917
982.2062331939945
931.9656566160987
975.8697054350058
970.4767745828858
911.2326653614514
935.2907301468487
1043.2984613096166
969.0050268956036
916.3225287331669
840.2889635614227
913.2885564671594
923.9959474525845
983.0138889452545
958.5687778077062
1029.5150698294312
920.4151306400504
953.8617130089565
873.5898676320697
970.0846507820505
952.2543758354094
914.4773221524437
1007.4954018251841
1055.7503849695768
899.1426074608697
947.5793296356813
927.3732990264001
1217.2309169958346
952.2679404664774
898.4268873741497
925.5849724467399
936.5369117287835
951.6171209212858
941.0305645776695
948.6259095800455
961.3572894255593
953.8372545434443
930.8576347039024
952.9675585820385
893.1323472092349
939.7136996547927
871.4260552864739
956.982020682729
900.3954821906999
950.8129374603762
940.6652204162673
912.5720444727124
919.5404550731133
895.2798377700892
915.6276065032841
913.5437739789068
896.4129664498155
945.7968910252437
947.2721233492299
926.9406074352602
946.4654907151817
921.2103037504162
1004.8144961009026
973.3139785273867
975.3271605574917
960.667644568934
858.7758704858056
968.5930743976058
951.7327835236723
941.106322986911
938.2537876663982
934.1391347919312
926.8079864317627
949.2831867509083
921.7197870228363
890.0574548950084
945.5670082139665
943.2232166906591
920.9977107109978
918.7673784786357
