934.4210600619261
833.7448175243426
954.8280998248521
935.8779531805217
880.3231089838098
964.1566165577483
890.4781856025897
883.4307862693058
939.3957162919511
939.3633828378789
876.335712043478
884.4311057912565
968.7854134643827
866.647189594287
849.4403773324631
901.0878887661484
892.976654441266
998.2283856158618
928.5515625229312
848.2627916312832
870.294121107055
967.4873849568629
893.2099227585677
926.1616757692434
891.995356931984
950.8296936474349
902.5426440898834
986.1708908760593
916.3268661719032
868.6121835624996
998.8603768758819
920.3587299829984
907.5135372288745
1058.1446182510995
889.4626254633059
960.573090721145
881.7068942005486
928.7523814740964
919.4229022281195
847.1818951996893
908.876493170432
871.0988688579923
891.7404620005251
937.4773599858848
924.2624908637046
1026.358873008977
854.4115608470483
990.1395927432535
911.8234267943602
901.7979180298887
984.6952284603126
890.8385839841958
849.7182137480321
880.9506814829081
854.6352708495855
998.4420728569198
930.5114844963548
881.0297387047867
879.7455840830982
878.797122102449
910.373953859672
869.8916692337996
946.0226028713435
957.510649656269
1026.5545957397803
884.6219430050015
879.0506352116332
884.6093959754037
889.730425170814
888.2447819526509
988.7709703264825
888.5766926725344
882.5573412101855
875.4269996991269
949.0975334989129
1136.101204511788
895.4155488848622
907.3485249707693
879.728541521972
866.153274764843
923.5595038550239
900.131120925659
922.844800068245
925.1784573795223
898.5089279161826
927.0171378276239
927.8199887133409
886.9538387579304
914.6190564352426
935.3064195813913
884.1061551354007
1025.8896633488514
946.347199215522
918.5432289659391
951.3033433930619
991.5606325512215
869.1665059173466
951.8886402873761
919.8155881765601
897.0904425788076
