901.9681032473482
913.3465561781119
885.5159174319264
901.3297547299304
979.9555646124988
910.2147493511225
948.2840138477802
938.7489004143301
920.4757225969267
879.6734884785145
953.0797064070299
935.6370919025721
855.7177912430018
947.0377538825148
883.3441799707977
933.0607071961093
917.1598703390036
871.2931481468719
956.1703991665178
962.973051230749
921.2247341883424
954.4316158681879
906.4427816429048
926.0193808102949
930.5347704261754
903.698246955874
916.909853490347
960.7823455454223
955.3286595748745
949.9389304001749
946.8578669647183
940.94137742233
880.9728264114207
929.2181809953601
994.3108292231619
987.2597120915198
983.2236672703358
940.2625618967064
954.7400401127492
910.7054579035077
999.0765584402766
938.3084974622853
866.6106749719257
925.0138058076959
933.4921285989792
890.4203209966253
896.5279366463561
938.237423383653
927.8691695333565
903.0363791594244
962.2949568054685
898.9730772551936
916.650146295167
931.2939253481902
909.3297721957226
914.4086517556065
1068.8593608216408
966.3277697153411
939.5418693652725
956.0134815277511
979.4044535475433
938.7268378702084
917.9220408133784
939.1753901070997
958.1483883600703
946.1781513795328
904.2230052970672
919.4157836594637
925.5236533142528
961.9873012402533
934.5332788736878
958.8175443398225
914.6127526579274
880.9876861401126
913.0986854240617
932.882894681708
888.6000645524998
962.0618967495712
961.2963413117562
912.1778521458232
932.0283823011562
919.5154744685253
931.5278441841838
897.121991331389
934.9234676778541
948.2875013480328
900.9659028744384
985.8393417791589
958.4085134378965
935.2752113887547
978.0476065085032
951.220024252736
916.263206130578
1016.8305731324427
1017.1922893930084
902.8291326996188
912.3062231664959
886.3305613775702
921.2292432312778
949.5267322082069
