1451.7094486381893
1279.6369895635746
1338.9618306252216
1393.3130911219198
1326.567899141326
1400.1969074679118
1373.936654797444
1335.5973295072386
1310.0544836491915
1446.254394675485
1352.858977758203
1400.2548373197224
1384.834955081381
1314.6922432299382
1227.1806907843377
1421.2712332615074
1401.7534040658486
1336.9426856549544
1447.2089791394976
1325.3206727549687
1357.9520039098702
1324.9797178068336
1329.0969822621316
1374.1934880718413
1410.8995881935084
1425.254293084713
1332.8006652049291
1403.5691927764394
1376.7832488034057
1430.700585453618
1409.2800410911987
1311.9280938244644
1335.008820985578
1391.4759414786076
1341.4159873785047
1410.3063756392153
1383.2182994472983
1401.5666501902429
1422.8682333615945
1453.8482402525296
1336.1694356440526
1349.8951029201137
1421.0250283100638
1357.8347983291897
1395.4310696341672
1361.4173133788495
1411.8777262961137
1363.862297297465
1270.947361470112
1371.6452508235443
1444.525512795129
1411.562174223791
1444.3699107834507
1334.7566608184948
1340.7555399310074
1371.8976214241516
1390.8848917445785
1358.4554896724906
1275.8415233800104
1418.9077724718697
1300.249066818672
1377.5901337907424
1396.7165875657229
1312.4612353456007
1361.3159486749937
1322.7743819084756
1402.2725600205517
1417.17173485348
1410.039020916969
1430.6197136320723
1378.1669018128155
1336.1129689260608
1368.2697116049276
1292.6139938662488
1378.7311723423054
1414.8111328202651
1336.4067798530375
1364.1357657817875
1305.2052348074933
1398.863347380996
1268.2519961177443
1331.2489574665074
1394.1712513251405
1416.4206352481701
1295.5616928582406
1423.3026490768984
1440.7573249376044
1426.7367257930478
1305.0242413012495
1429.5675537399143
1265.2962028373527
1380.6344498867609
1354.2036537228794
1236.8824024808928
1378.6311133258585
1341.933443567022
1401.5404258806325
1321.7206803671531
1391.4968766791715
1438.2734486943905
