1506.1881128294253
1335.2730738208013
1365.8377864889599
1394.3930499367175
1351.8399906666186
1308.6252797880825
1411.6919898801884
1376.23570853309
1275.2354925207596
1417.9201079287584
1336.9420580654091
1351.2188958667423
1371.3778176619196
1365.3173945115623
1311.8441171216773
1380.8407832864953
1364.221024497924
1296.9833766180138
1235.3447511195106
1440.518145923768
1390.4932652061186
1353.8379797745397
1424.2030420789367
1400.1124848319475
1286.2641838186714
1337.1174260795103
1277.653462102696
1395.744221924653
1420.1777481921638
1388.5699498939118
1396.4292873685797
1336.8379752310807
1441.1980406450787
1284.466330821551
1368.434557187617
1339.9852243109158
1343.1202540450422
1362.4204951381457
1397.3628723995737
1321.8654717125253
1328.7765527099048
1366.9147048036489
1395.4282719578925
1347.9028507104354
1408.8545004553132
1321.186071157824
1350.027226591646
1308.4491697074966
1309.7807967894494
1448.0373119030078
1335.8792616764736
1313.5295371616526
1412.9131947170047
1222.2339956129101
1390.5310792031266
1351.9185826132984
1352.7813057042501
1345.2846028753136
1371.7023474349276
1311.6197138824307
1346.952938680803
1410.945781713266
1393.3371164411024
1403.2460335706362
1366.1993858407761
1388.1306874609054
1431.375291515386
1428.61842578701
1223.3271066623865
1409.723105233917
1461.9989108336313
1388.492661674706
1408.2442975396343
1373.2192593019722
1321.4805318877193
1412.4311723387875
1318.668182907939
1346.9327651463389
1280.912538188415
1428.1641108667952
1379.3242123053315
1357.7600071123748
1376.2294984427122
1235.3166139732054
1373.1776214461784
1197.4099190848754
1325.0946938078462
1310.5186388914392
1369.3525415861202
1410.0689338079078
1323.3866702926282
1275.9471734582316
1332.0281477076946
1366.6413394053761
1388.3162352700974
1275.0521513917756
1425.2891275265374
1391.0484865757765
1272.7171538573211
1368.4237286879843
