1331.3954225747223
1340.511174130298
1411.7708143750747
1320.7240592709336
1402.2145310212945
1365.3757823578087
1403.3993432227003
1404.050986334291
1348.228573881132
1362.6445102558296
1428.7161858310753
1367.5990021324953
1331.7766082829794
1327.0121584421504
1353.9029594972665
1414.8565012680033
1345.494394424222
1426.0621340175949
1335.067096532165
1407.8531925758202
1248.4595696208196
1419.569541522797
1363.5745202420499
1308.437119618477
1391.971867085171
1271.549897797905
1291.8551273054477
1296.0670767260895
1330.9341143811366
1414.6880265644359
1383.8833675308797
1325.8475018525537
1423.6697905495548
1415.0841072082994
1313.4530979544702
1345.5622827624895
1368.581191132112
1398.1480659248316
1338.8155639735849
1368.5464569671765
1339.5501642975098
1250.6326544095944
1363.9521685464222
1407.9002488677363
1290.1673614088213
1427.5584092734266
1260.8396831288503
1330.7143913904301
1441.0599506176331
1358.2692469608098
1337.6676358281152
1372.9632952305292
1385.8031165253562
1397.1737267634708
1324.5946694868069
1353.2444287938072
1320.0929880550568
1330.767111476028
1308.9295203692711
1319.9318307383626
1350.0317649275844
1349.2077449884773
1346.0037004049111
1339.6675095441221
1222.1657030380675
1438.2242607517383
1408.5137598013935
1409.1707821521543
1301.5810041421544
1336.8846479121535
1315.2132989980482
1391.1017278050822
1479.8947670344216
1325.377499656109
1374.3468608560459
1320.010340454605
1287.42705301371
1222.6575193245462
1313.8913572132192
1366.751689926
1435.7074131808727
1344.0422214893129
1253.5324350722549
1361.8695256523065
1322.8623899110364
1353.1539096740225
1446.1922440539663
1386.2680925019033
1342.3220550452347
1257.0904314235618
1357.889278098664
1466.3770586483263
1396.163200067993
1409.5362728488074
1375.0469908560465
1442.5379085178774
1441.9752723370575
1342.1501279386175
1383.8263084482273
1317.796426550946
