1393.1141297712884
1337.7418687886932
1297.1522904135638
1319.2264302385513
1460.273136125564
1205.0683441329345
1325.5192722976917
1279.4250181973903
1409.831296080542
1347.3635733727358
1442.4084204509597
1382.226761479167
1351.120359816813
1253.2226431682325
1340.2284602144953
1371.8614379625278
1375.4818057286222
1309.8899010272223
1406.2433404128103
1368.864124972851
1383.3939630072523
1359.0867774443707
1371.0408037813054
1426.3538407063147
1392.9001291730822
1318.0271849925673
1301.6039468080921
1341.9495644769743
1334.0737366529106
1373.5512099945774
1244.5948311315124
1284.038165469905
1254.9557391304913
1335.5626824872102
1282.6804329880804
1359.232870804043
1321.2414955434106
1422.9336650248003
1434.7889369303814
1353.2802154160722
1350.1960207248233
1354.7627382510982
1394.9235018031509
1363.2925806253818
1358.8460199733945
1383.7860446459101
1315.0952518064705
1337.4730356357395
1384.8279132264865
1421.5528773972644
1288.6443056980584
1451.138647922353
1440.6968653580757
1407.9848690145977
1374.2274952793698
1351.0832375420564
1347.5984445442223
1223.5373520171888
1380.6293729884549
1284.6361136233754
1295.874716754672
1461.8929890322547
1370.7805355358976
1306.0680058804714
1320.246100766353
1390.609453511585
1349.1260567683303
1321.0997290469188
1152.4155774180476
1355.2987720199087
1321.995442134997
1359.8945781006682
1412.4354629208929
1341.19856010911
1387.7095656562815
1358.0420253550633
1355.2288707011837
1371.8751598264282
1278.645712726008
1383.6417266775288
1347.5352662371408
1352.3424769280741
1353.071339924619
1361.323150773558
1302.67860359752
1363.7447361622533
1361.5845446840506
1421.8184952426013
1181.7556982550136
1299.110333932731
1389.8740816829936
1360.580057406632
1302.4479609473508
1379.2690168135216
1318.654393793354
1368.134521358841
1395.8188549403055
1346.5126011810446
1363.483593840246
1372.490060714195
