1392.359117076584
1385.2319742942432
1342.908947276374
1351.0601474091595
1291.221274943088
1325.6771166695441
1289.5444029977934
1403.1532637854484
1401.6407076124026
1316.3299171015676
1357.3112104284933
1372.7904596074957
1277.6346606571942
1458.6492813050634
1295.4765900447871
1251.1752664682158
1437.0976051888385
1372.1547873062714
1304.5647464767749
1304.8182401411304
1384.2863733536576
1348.4202231023046
1399.8938136490574
1364.6838313489734
1386.8909015609097
1418.7042021002828
1331.6474435962439
1284.8724975895852
1321.707197171129
1477.6537849468893
1355.224026371201
1354.2003457863416
1416.9276560176834
1335.4572798787624
1261.6353435468054
1372.952912181201
1400.0373814664308
1376.5230145388969
1367.9288641013277
1289.7926335863303
1401.22246391781
1366.3880346423653
1185.0256940434417
1436.0057907396556
1382.589986765731
1240.046438798325
1392.2723671517583
1239.1176637367578
1300.1073510630206
1401.84485817564
1256.4406344311974
1399.6624652893659
1425.886023079475
1357.45578116755
1378.3718370376232
1315.8157866608456
1303.8810858706756
1413.998086566381
1317.6008236637438
1247.5807382161047
1370.0095634189747
1348.2081674827236
1402.0848982398493
1332.9758604758438
1275.973935335319
1327.228900221186
1316.57288632018
1371.1047122599812
1323.3913638210886
1332.5423307641695
1422.1065310285987
1411.0550993365414
1395.8002728720676
1394.2740208700316
1350.0473740756809
1449.7505680242025
1393.2953070026617
1412.5415628876185
1407.7778102686043
1375.7210385382934
1401.3293343065693
1353.1841414692867
1430.728684904295
1255.3063972214322
1370.6020925680466
1373.9001931213547
1380.7836241631242
1392.447409926574
1424.2136429402665
1318.8857112896562
1315.568385301371
1357.5808323609926
1364.6144218862003
1469.568994815475
1356.254832092246
1382.773615672663
1405.8557884327715
1305.7845035084442
1379.3880882682472
1214.9093431965275
