1398.0541799287623
1445.8524045038446
1359.140603417635
1420.254949189184
1441.5014949158387
1367.5362697006183
1297.7979928883165
1358.0753058598943
1395.1726376679233
1403.0206007848367
1356.4535112342605
1235.352769091929
1317.831603805393
1356.1603213936362
1402.8914767893098
1392.4257782974723
1255.447318497384
1366.1180756632123
1290.4854322812844
1390.4097035560894
1424.9288771650301
1329.8729542925112
1371.0255006657833
1402.4648129463428
1264.1051532973565
1293.4738955451053
1292.948477581703
1382.1506575040257
1389.5194624752369
1329.0898823608745
1339.3280263652284
1360.5254197537026
1243.8500139406574
1338.188323862502
1433.337447783008
1470.296566117478
1468.402088783478
1344.2174495245636
1344.8270673474478
1347.3126090586745
1377.8223675097745
1295.7098490988383
1390.1331120031468
1326.5233755511551
1330.3178350436383
1396.8644377441728
1356.6177734291184
1353.2439361080071
1314.623109318147
1479.1063399193654
1460.2112099720746
1474.9613054837669
1300.5600166107379
1318.1874336480732
1305.165417573602
1408.7463150197834
1358.004155891764
1423.2621379858222
1348.2455869228022
1409.7706742983814
1361.623615208421
1420.6535866535662
1370.61465383139
1340.839491272047
1391.3346510579852
1442.188445675599
1316.9993959766932
1369.7245004337622
1369.4526961103577
1293.2303942834635
1254.7553614236328
1322.0084983089819
1345.0730524274156
1362.9577181437974
1301.1038838423258
1279.7310999396366
1354.7482629672988
1442.8760422335383
1366.4205338046763
1371.3763578886876
1371.4158600659957
1435.331707932238
1385.3034515555971
1378.157312736983
1367.4846908103168
1407.864589320063
1328.7587920289761
1328.8437785119713
1299.201230658208
1409.4969653236947
1364.6082260709986
1477.3102377198468
1293.4081276581528
1357.2901372448587
1360.0231981181125
1362.099426491572
1352.5923066332068
1360.820837822496
1353.4005382575288
1353.6742153793466
