1377.5300467186926
1349.8893044241026
1390.5685368283653
1426.8034532850586
1318.8632345656956
1443.2533028240912
1315.595443429607
1358.9270359347977
1400.9181575415994
1381.0388437917336
1367.3162245455853
1345.8749512346612
1397.047114069567
1359.0240762009169
1354.0590759530473
1223.5344076263505
1276.6227624446788
1269.6138772567344
1387.4918935185544
1401.9967346297406
1350.035371950162
1251.4701017533348
1274.9272057427763
1381.1692603217434
1351.8063543593364
1345.480484027437
1354.7421173224332
1300.219772571759
1368.933521243384
1430.4335588342328
1416.2906761124723
1317.6190315097676
1218.949372773112
1380.3758982240054
1340.5434070528431
1356.6391039064022
1406.3841893970255
1382.6072424295098
1438.7842056231987
1306.2373276007534
1353.6427697804909
1371.5430670067994
1334.8737872465915
1320.5793848819942
1326.4440816877363
1268.623372388414
1377.1773775447214
1302.4497971200578
1386.8328282533732
1366.874756865396
1363.0023057423919
1372.02101043041
1290.3096252689086
1312.4833750636967
1368.8919070980135
1229.5210173647713
1374.9257947569338
1335.5877535631926
1324.210825235297
1396.6062557204618
1335.7852478572054
1369.9190671587398
1453.6748223174095
1318.7834377874997
1415.6564382987465
1289.030145226442
1431.942237095008
1335.0324136738116
1348.9876174784947
1378.2289933670547
1383.8712794627952
1362.9177193366966
1336.4544162152386
1291.4854180306663
1376.1124583197636
1374.3604874003397
1245.662122792325
1312.5378848288747
1340.706816713252
1342.9234443882394
1351.6088610557115
1375.350625323686
1355.615129280173
1367.9690530579292
1357.9695559976503
1319.9362597160039
1413.31511975092
1346.476858219586
1372.2156960421623
1538.8832535679392
1390.0411146991678
1361.0328641753968
1281.153327813534
1452.4815828968017
1312.071655416468
1310.739178852846
1390.2022466567212
1409.556876917372
1302.1519671732028
1331.8150090470556
