1272.872891578125
1405.556852698285
1344.9062244047884
1376.8258002898565
1387.7272552733696
1384.7534688333517
1381.8411234493365
1341.0969654691814
1498.93350576584
1352.6946504982348
1417.8574239088607
1483.112223546839
1369.8682415794817
1339.869678807073
1436.9261277909102
1345.503090633357
1414.9856916736683
1418.6879110552152
1360.7485051805832
1274.2966163647372
1324.3373766644568
1334.361956626012
1290.4636430211217
1356.984327570389
1361.540683182698
1365.859073122522
1288.8490302064142
1342.9018134306468
1254.205710578231
1339.9493236570722
1402.247915014469
1350.9768839480726
1447.0391884290275
1440.139260759832
1341.1002665702492
1434.1635199751681
1302.8136846122447
1307.1158307030048
1355.5724912144947
1468.9462994954024
1401.9707785556216
1281.5592668373365
1337.5576647877922
1232.2702597139455
1381.9977545153063
1357.1058309188118
1342.010334821517
1429.97417193941
1265.5032414450839
1322.388418461323
1421.4010443150391
1335.0767852696347
1435.945181160273
1404.44948121634
1334.6311329233265
1245.7203885842491
1443.1897016411087
1342.0243289270434
1287.1624487001739
1444.3413518013417
1380.5387972553767
1398.9172381800117
1323.2603720609966
1400.1876681773547
1353.2712598170908
1438.327566887092
1410.4125035947684
1375.4702464143504
1364.1468718599208
1402.556837360012
1335.510473710008
1379.2712455203598
1294.6273229555875
1407.1440176970798
1359.3289326153633
1341.2889589564998
1363.7795147978602
1357.044610398392
1390.0917136228688
1370.5850647217446
1391.8966917199823
1396.6299762883505
1452.2604615094833
1410.4433610664616
1286.2962205263289
1487.1787091237704
1370.2460340749303
1405.1667473878113
1275.1456822505947
1303.6578654540508
1359.344030417938
1418.8136088337176
1275.992360946943
1338.3257849026847
1365.4821028139738
1392.5178750826735
1319.426987268984
1330.8208308645553
1321.8654699124193
1336.7041404693339
