1031.4673793090394
1069.1253274879966
1004.1074263561574
1050.3414314538322
1010.9352354567272
1042.9844597294025
1015.804165835303
1051.4225999475761
978.6593430862531
1005.882383755502
1080.4828197464903
966.9390525408775
1088.2019978650424
1083.9598280086389
926.5933434542796
986.3860750147583
1067.7995480412358
996.8546345589252
902.7512806049663
1032.2326243111474
1034.0372341021018
1063.7893347210243
1035.4328341731407
940.0833046973842
1090.4778514067627
1002.360953974821
1071.0294867885577
1001.256696107725
979.7415093394179
1026.100007007853
1015.0473943563543
1056.564951176054
1053.78317850431
1058.2078949033348
1112.6418134339094
1039.4319830193042
1040.1146864179398
986.1673036047374
1034.5230474266043
1003.0847610121541
1056.496106610367
1033.6320987489414
1025.3819164837646
1119.5830595717653
989.7911736001365
1118.157307912864
1083.4728162604013
1045.1942244485238
1071.4902200070335
952.0659951209157
1070.2938617729944
997.1511509508025
1033.9763696864907
992.6628548663977
1019.6164971911411
1123.9865110048427
973.3131812310203
1004.1890915316758
1024.3041577619815
1082.7649844585103
1030.6665391271451
990.6050170671712
1120.8368057211949
1048.9733230580919
1067.560028568285
1028.9322489820813
1016.4482103432335
1005.1024755907788
1011.5697199730349
1044.0511859318394
1006.4691075391667
1049.0714643190381
1006.628606504564
995.4976456020715
1015.5920275459168
1098.5270185587494
1070.7454956997667
1043.73659484134
950.7882728511812
1053.2274753560985
938.7502096403721
1042.3906697164132
1022.5720743298141
1057.5329412122735
962.5292829262673
1028.004216708741
967.9649532893734
1004.6843432401425
954.8799555756899
1006.7853896237611
1082.1338054653318
1119.2214634090992
1043.6178382624846
990.9123187902488
993.8341649442058
1026.522584663672
985.3360782614271
1019.6331817142961
967.876289521432
1044.4825471097117
