1073.0280043200135
1038.790453781518
1030.223789096213
1025.0597411369392
1101.1108738688763
1039.1710529752538
1083.1198590004963
1073.088275368137
980.5112800304298
999.6087822027276
1009.0662683696728
1084.676910655719
979.2808990121297
994.3163165434579
1049.4487222888774
1085.5414562140545
1061.4126539886163
1047.8186734094925
1028.739676094923
1010.4857323355754
1116.3285547331411
1044.3896417605208
1100.0768967094093
1019.1806191484
997.1982032665373
1097.3804257808222
1048.5191151497936
1065.9407558715816
1028.3487609706299
1140.2750876282523
1039.7999876540482
1050.538632622246
1038.1499078662864
1012.1543319551255
1016.8075168272896
1007.9706211513816
1098.886989912334
1055.3682751413899
1001.80004434493
1059.7049137637475
1036.8736845891826
1067.7240861037476
1088.533510479636
1091.1954636689845
1059.397580378267
1001.2186220003775
1013.7527287367789
1033.3682539081624
1114.9665599036484
1062.7607403879026
1046.1258047519811
1139.7997757704934
1006.7286480990417
1060.0688430527089
1112.4582679120317
1064.9393408493393
1038.3340455669031
1007.0659819331488
1020.4820856153204
1029.1302135332553
1093.8629864448
1101.4959058684326
1021.2056604690241
1099.139529269411
1091.5549537804734
1083.9102149291618
991.0058377773337
1045.0023046413046
1049.35141965879
1036.123422435497
1086.9582612225236
1023.3764319010171
1127.3463125794833
1083.9788557289792
1071.8458408591528
1088.4956003758325
986.8874856826772
1053.0870372857241
1078.514657422571
1025.1623965331714
1046.6637508847198
1054.190345239995
1062.3058875100712
1087.8698557937494
1083.7253818847357
1077.9100663877423
1174.723035502418
1095.5395291602026
1003.5522029689547
1133.4204907187266
1036.0660114934717
1086.5632253931985
1057.9970817623332
1065.880653345115
1057.987367583078
1176.5143396672604
994.6481845667404
1031.6767809981577
1074.408978709058
981.2822550824336
