1108.931875477785
1148.1620988850698
1160.7945123289726
1188.901009228932
1192.3733267248122
1237.510169989413
1256.6799652355064
1203.785992231182
1172.027949811055
1112.3029777758575
1175.5860200316138
1119.1557716493508
1164.323935214039
1104.9756588008536
1179.1320777707692
1165.559031643352
1167.805215909595
1245.932108548674
1218.969957683095
1144.593595095971
1197.7401415821437
1122.1963807327259
1261.256029120798
1295.290147966234
1168.0218034238926
1091.109732825235
1139.5385034531241
1147.857227501011
1252.8855381767519
1123.5489685255582
1074.2394591772163
1217.9846712385272
1239.529442998463
1133.8574806682432
1143.3950387537107
1195.3982529840116
1107.2993550888818
1128.6018618926582
1152.7864205011294
1218.5721307288204
1245.4617760911558
1250.817914001848
1132.240193248692
1162.3348560455513
1179.5678872001643
1144.1028568555412
1163.6181914549977
1196.9009763135273
1187.7846729191833
1124.755791650285
1262.5440768272947
1101.362117222365
1189.4708306822379
1196.6287134236836
1085.1447782115113
1078.497741762402
1194.8136208988847
1136.9616486858934
1188.4503340208737
1112.0734128875336
1100.8062627780994
1062.8292413221925
1179.3225488009325
1166.8944401073582
1266.792946283552
1102.58056783041
1200.5043584968478
1133.9982044567937
1175.529254782083
1192.2049976993385
1117.0889929150144
1029.7478855352872
1298.8284119902503
1250.6104370736869
1136.061218059279
1115.1557900326632
1132.9573135080473
1179.359490655161
1164.189582004375
1217.1724184682168
1079.8955815244472
1201.0994171206462
1157.534000745093
1175.6335273559591
1180.3997786318398
1240.0549732707093
1208.6410348083075
1110.376741417442
1158.6035656345603
1126.2817205849883
1180.2149707144933
1146.8710428896413
1145.503829729357
1278.2465643884798
1187.4567016891497
1229.4814993821083
1138.8040265310801
1195.025777575723
1219.2775930204957
1123.7024182658563
