1203.356282856702
1121.7462566865759
1189.4152113592218
1225.9021447126008
1328.4308857988467
1194.1069868934717
1179.5186990157679
1211.7241416706108
1266.654035288995
1181.0275321981446
1223.408537854719
1261.9122340792635
1221.4611340908511
1170.2803679562505
1154.150402900277
1158.9634890372406
1205.5315551091269
1096.5593844456284
1156.4782150349945
1161.825424908314
1163.2452238190633
1157.2079585565127
1082.6279863646862
1175.4235424423086
1193.27187718621
1268.2071059849795
1170.2270653663834
1243.9239974173167
1262.6587990679693
1215.2333107498096
1209.3862110429016
1160.325135132568
1221.0261538562177
1158.6516622040228
1272.1766229617238
1189.252449720246
1220.0975795630775
1315.1213906240018
1242.4205776578
1131.0040585331292
1220.3776063688695
1201.281129113255
1232.6179401553622
1178.1370465953432
1259.6544878851062
1163.5534557480453
1257.9441884961325
1205.7183508206454
1130.1951447306415
1130.2609372124962
1183.6877610314093
1243.1006838860235
1177.5954119083851
1267.6827121308206
1200.344912900604
1257.0334516036762
1182.01234353498
1320.0363578983358
1195.2754421439704
1235.6584750305033
1173.3522707709053
1172.0150686069303
1202.6875499400255
1199.8728503514062
1197.6642068805866
1212.3818401606272
1189.5731594601664
1240.9937445359994
1179.2178459678667
1203.5257541925173
1286.5841275665111
1126.2138914896366
1179.5067307772222
1171.4303307089983
1272.210364068933
1279.4086608974912
1283.8250004825595
1196.057056237914
1243.516298669095
1186.6983225679883
1298.9391960426624
1161.445992232151
1174.7501922326492
1225.6251617364333
1262.4430864230758
1242.9748032709033
1188.6777722954425
1216.919090789335
1167.6327599745653
1196.4850835403083
1095.0342488007857
1262.3705433649368
1210.4676446481578
1293.705436361567
1283.5580029670075
1175.1609740833417
1232.129613453343
1281.4419524563202
1244.1445572109642
1134.7345062311872
