1102.7869244647095
1066.1385546357637
1067.2418056515978
1082.4431273302157
1102.829400488151
1071.1154791116949
1059.2075165177362
1044.126302558034
1166.8372389198273
1036.4027393659278
1052.5781534803027
969.1283127071035
1115.1707762590445
1081.4616106488922
1099.940729939665
1041.0499758495218
1084.5050445246966
1078.1078042947247
1123.5781675978583
1055.638927469444
1088.0396307821384
1092.699175494211
1117.7115784159696
1043.0458690328157
1163.4782084839073
1031.3194591725742
1163.857083761292
1108.0347688180427
925.7071203083286
1116.733173230966
1160.1058142894822
1111.189492753219
1130.2615790258537
1058.7889662063485
939.040435949725
1109.0849963789235
1022.267819651927
1087.4573212060945
1026.2701654032444
1042.278267441749
1077.208184531428
1011.4595317158694
992.6297920947667
1059.653301597202
1034.8877113307572
1072.4967769973193
1097.6665060203304
1081.768229217715
1147.2838555026265
1092.2023661406429
1088.8132090026413
1165.9585154146716
1049.473434887281
1052.0156569231713
1061.219090494426
1091.8824325585579
1186.637797823427
1141.0122037166775
1099.3948501702835
1055.9314507369684
969.3038732361713
1111.1315170420312
1134.6297929541367
1032.7106247275076
1088.3434813035794
1135.5285006335153
1101.4067661449408
1096.092951577657
1125.3796729247501
1063.744820709351
1056.1361747552655
1100.7141677092657
1116.4762269436742
1160.723800389072
1024.812964465877
1131.637575581332
1020.6267854919032
1084.3860473901625
1049.6138600883785
1225.3868792165877
993.5177801706366
1017.0444593581524
1061.2723223918797
1015.1954278806197
1106.0867518060568
1073.0255158060459
1018.6672815041611
1036.0434473546525
1039.2720753026244
1072.3443192312316
1150.2118508696296
1073.0511876111643
1019.5954674362333
1068.3228312661672
981.7964085868017
1104.4722775257355
1037.9829053567003
1003.019228357408
1002.3761133698032
1047.8691377047
