1060.252515525055
1095.8457498234357
1101.794625273213
1035.946075079793
1106.5757846774793
1124.6458005857662
1037.5684933914984
1019.1017408755079
1019.6832792593771
1108.028647265248
1066.8298711503473
1176.0410579392774
1085.3254867126961
1118.4753459252845
1091.8351352746458
1068.9856565139785
1034.4102587683094
997.1397365958418
1076.620117944364
1103.6195323676131
1150.1180267389136
1156.2639959167027
1095.7473059430936
1022.8572889830347
1028.9250982483115
1072.5431827441257
1147.1933638095963
1075.6501553629807
1038.827339229847
1054.560495129896
1146.3671845393678
1163.0277846458641
1089.870927856883
1143.512313831367
1016.6860916251463
998.5985445326796
1057.2765869623493
1151.121746831187
1002.7414486684467
1018.1793447035138
1043.1014295145962
1035.1798263981987
1028.1913989430411
1123.999556526295
1192.750872424885
1121.5313486953173
1098.468954118676
1072.8202159204131
1016.8075989741701
1081.9682493728085
1052.6210190786064
1025.4525971275398
1086.8069983473424
1090.9862717663746
1084.9024333715868
1067.933563933952
1106.9484878571682
1042.2461794369037
1129.0190784206513
1064.538715357115
1114.8866955327187
1032.2834756323023
975.5516189448588
1077.8913395307432
1020.6022356527177
1135.3242397366655
1093.4991863327816
1060.0239586467535
1066.7954222617311
990.7530958091945
1047.2532744070456
1057.2888161531782
1020.8340835128571
1078.5228497159026
1106.5149892334089
1077.3768841158383
1060.8442959993993
1059.116604937699
1058.9430973231836
1153.1714714852899
1180.7808296729036
1110.9595948773722
1078.3599699495396
1077.2649466654927
1121.3812535455372
1038.7422294229116
1034.5668789921726
1096.9036324250571
1163.226130006862
1114.586769663009
1101.9130769557366
1118.5280829122303
952.1362386748834
1086.5916387587858
1076.6680502673473
1142.0857386965552
1135.8584340808682
1080.483687775622
1012.687303108071
1129.2733027440652
