1080.5113083243473
1078.1597782256033
1148.7901401607696
1117.6716285449718
1115.4166462361404
1069.6759684963422
1110.754267143036
1138.6222673345374
1054.1443535947155
1130.311194401373
1072.1215762521283
1141.70460122354
1178.629159818046
1093.447105040912
1090.0018771619696
1042.2679412723655
1167.2489091532316
1148.1554716580652
1137.4190615117107
1135.278051719412
1125.5381252109835
1152.4015752841328
1072.3990640130871
1063.2840409776327
946.5955277692124
1108.5870838161868
1122.8617726715581
1121.8929988514087
1071.0359987681122
1087.983642608764
1058.2013375896631
1141.330414370599
1128.4646782907132
1120.29442804271
1079.088972041436
1108.6180829769307
1070.6791249051823
1096.3655254988623
1090.0573093060846
1065.0393034576377
1104.6512804233964
1006.1367866557097
1081.0075470534948
1129.5538280984376
1057.2978843198603
1043.3215126571467
1104.5730528861427
1107.3679607121874
1097.8825267060517
1175.296981839582
1124.8258396784904
1122.6293716972812
1099.2161432665625
1089.6410358306186
1007.7290295716855
1130.857432926748
1038.3129815411367
1096.7929722578815
1079.764191626504
1132.3002111646356
1072.1285884399592
1041.4550416988095
1082.1272313331344
1138.8870606832897
1120.8272761946907
1083.0663158203538
1119.115099512198
1139.4351925612066
1065.679497627296
1105.3640316913607
1123.5636011559914
1011.634121170599
1141.252984946169
1097.9140462602704
1094.3035464277727
1035.1665934581686
1086.2543550778626
1113.563992090998
1211.026282678429
1090.3817931433737
1022.0654566014748
1094.4670362022655
1022.6862064310797
1148.7055275947137
1080.3206850003344
1180.895121069059
1167.4181130532606
1118.5414728970845
1127.6634888474093
1138.9726986279059
1132.2781252345746
973.1711716263768
1093.578279318888
1101.1073196624368
1091.7138596056548
1058.9583523289937
1054.8593236991082
1076.8436266816404
1192.3303671679093
1058.3499683483014
