1064.364233179979
1138.4433411413663
1013.9752876040778
1064.4723580237842
1065.6920002377924
1073.253797882716
1016.8016659455373
1087.6749724059775
1084.6988059316893
1089.9963594789722
1069.002620340959
1058.7038387718865
1071.7850042790612
1047.507460913862
1103.974454590543
1089.618918263162
1101.26861676337
1058.9386809259743
1041.5889005721394
1041.3917798818482
1066.3060679516493
1084.0446112884472
1092.533083644125
1050.1486630714583
1108.274000197902
1047.3948419903359
975.4425604846314
1139.7507318765856
1099.8916107571438
1069.3850268126455
1039.9258569962171
1116.110712657978
1105.3028386646097
1116.565687798023
1039.517604704022
1019.9281863604022
1038.4247631727442
1005.99623454174
1193.691946145352
1055.3840461660516
1118.051107147676
1056.4940054512076
1146.1377613950044
1011.9901557929138
1059.4161708580496
1065.3945522846363
1195.4981444286807
1148.626098839959
1037.2239169208685
1054.3716820616578
1061.3877730349527
1058.4391395421678
1048.226372388092
1055.864685926939
1193.3573569192076
1085.1377022785525
1035.6895929088323
1078.111300610806
1155.7272574103322
1162.2413945169433
1055.679217798827
1069.2808619162163
978.2988584511257
971.4644997552945
1068.8700897506187
1053.0428017545162
1159.4882531956266
1038.6333888752376
1083.943800244862
1047.7556598729996
1117.989327291357
1132.580502649674
1091.2907796008615
1050.1326291345904
1087.2786523613715
1018.3455153824173
1057.8681704841863
1036.6674746779918
1020.3257378406371
1045.9109676423836
1067.0878766982144
1031.0106835622855
1007.2648759227906
1094.456444981236
1070.9323536758436
1015.735086541718
1094.1157542889068
1018.9914634920672
1089.117377641694
1100.7991824202254
1090.3134187989324
1043.7238326004447
1002.6545253499186
1009.4642197944415
976.2840456797398
1093.0066181200673
1051.3531214377747
1071.0947966475785
1116.7241680137552
1102.374016578989
